         Energy
      245.23986
      245.20405
      245.19280
      245.18868
      245.18621
      245.17881
      245.17300
      245.16857
      245.16331
      245.15911
      245.15568
      245.15283
      245.15293
      245.15302
      245.15296
      245.15348
      245.15812
      245.16223
      245.16410
      245.16678
      245.16723
      245.16719
      245.16716
      245.16684
      245.16604
      245.16531
      245.16506
      245.16482
      245.16379
      245.16282
      245.16034
      245.15844
      245.15626
      245.15420
      245.15239
      245.15069
      245.14908
      245.14755
      245.14606
      245.14441
      245.14286
      245.14133
      245.14000
      245.13877
      245.13746
      245.13621
      245.13478
      245.13341
      245.13307
      245.13337
      245.13365
      245.13375
      245.13367
      245.13358
      245.13297
      245.13257
      245.13204
      245.13161
      245.13098
      245.13038
      245.12978
      245.12922
      245.12867
      245.12815
      245.12766
      245.12783
      245.12801
      245.12802
      245.12835
      245.12866
      245.12897
      245.12927
      245.12926
      245.12917
      245.12901
      245.12965
      245.13027
      245.13139
      245.13181
      245.13201
      245.13222
      245.13242
      245.13258
      245.13286
      245.13314
      245.13344
      245.13444
      245.13542
      245.13637
      245.13731
      245.13818
      245.13884
      245.13997
      245.14107
      245.14195
      245.14281
      245.14375
      245.14466
      245.14545
      245.14631
      245.14789
      245.14944
      245.15096
      245.15239
      245.15385
      245.15530
      245.15671
      245.15813
      245.15975
      245.16186
      245.16447
      245.16697
      245.16940
      245.17179
      245.17427
      245.17671
      245.17903
      245.18149
      245.18391
      245.18647
      245.18884
      245.19248
      245.19606
      245.19961
      245.20308
      245.20649
      245.20991
      245.21324
      245.21655
      245.21987
      245.22322
      245.22620
      245.22914
      245.23197
      245.23476
      245.23733
      245.23984
      245.24216
      245.24506
      245.24787
      245.25041
      245.25286
      245.25526
      245.25763
      245.25987
      245.26201
      245.26411
      245.26598
      245.26779
      245.26957
      245.27128
      245.27292
      245.27453
      245.27597
      245.27729
      245.27862
      245.27993
      245.28117
      245.28228
      245.28339
      245.28467
      245.28593
      245.28728
      245.28861
      245.28999
      245.29128
      245.29255
      245.29378
      245.29515
      245.29647
      245.29771
      245.29893
      245.30013
      245.30132
      245.30250
      245.30354
      245.30462
      245.30569
      245.30676
      245.30782
      245.30888
      245.30992
      245.31103
      245.31218
      245.31265
      245.31302
      245.31339
      245.31375
      245.31428
      245.31478
      245.31534
      245.31607
      245.31684
      245.31749
      245.31813
      245.31874
      245.31900
      245.31981
      245.32063
      245.32133
      245.32202
      245.32267
      245.32332
      245.32401
      245.32465
      245.32533
      245.32601
      245.32684
      245.32753
      245.32823
      245.32892
      245.32961
      245.33027
      245.33093
      245.33159
      245.33233
      245.33305
      245.33366
      245.33417
      245.33471
      245.33502
      245.33528
      245.33556
      245.33569
      245.33573
      245.33574
      245.33579
      245.33584
      245.33601
      245.33618
      245.33627
      245.33637
      245.33642
      245.33647
      245.33646
      245.33646
      245.33644
      245.33641
      245.33631
      245.33624
      245.33622
      245.33621
      245.33617
      245.33613
      245.33610
      245.33609
      245.33607
      245.33613
      245.33618
      245.33624
      245.33631
      245.33639
      245.33613
      245.33588
      245.33563
      245.33557
      245.33551
      245.33509
      245.33454
      245.33390
      245.33327
      245.33261
      245.33216
      245.33161
      245.33102
      245.33043
      245.32978
      245.32914
      245.32849
      245.32786
      245.32723
      245.32662
      245.32596
      245.32530
      245.32465
      245.32401
      245.32344
      245.32286
      245.32229
      245.32173
      245.32123
      245.32074
      245.32025
      245.31975
      245.31924
      245.31875
      245.31828
      245.31781
      245.31743
      245.31711
      245.31673
      245.31635
      245.31597
      245.31559
      245.31522
      245.31485
      245.31443
      245.31402
      245.31362
      245.31324
      245.31285
      245.31241
      245.31199
      245.31156
      245.31114
      245.31072
      245.31049
      245.31022
      245.30996
      245.30971
      245.30943
      245.30919
      245.30898
      245.30880
      245.30858
      245.30836
      245.30814
      245.30787
      245.30759
      245.30737
      245.30716
      245.30692
      245.30671
      245.30650
      245.30636
      245.30645
      245.30657
      245.30663
      245.30669
      245.30680
      245.30691
      245.30702
      245.30713
      245.30726
      245.30739
      245.30751
      245.30768
      245.30776
      245.30784
      245.30791
      245.30797
      245.30800
      245.30799
      245.30800
      245.30804
      245.30809
      245.30817
      245.30818
      245.30819
      245.30830
      245.30840
      245.30840
      245.30841
      245.30813
      245.30785
      245.30763
      245.30759
      245.30754
      245.30749
      245.30746
      245.30742
      245.30741
      245.30743
      245.30746
      245.30748
      245.30751
      245.30753
      245.30755
      245.30758
      245.30760
      245.30758
      245.30754
      245.30744
      245.30733
      245.30723
      245.30727
      245.30734
      245.30759
      245.30787
      245.30815
      245.30841
      245.30865
      245.30889
      245.30914
      245.30942
      245.30971
      245.30975
      245.30980
      245.30979
      245.30975
      245.30971
      245.30974
      245.30976
      245.30981
      245.31004
      245.31026
      245.31050
      245.31064
      245.31078
      245.31098
      245.31117
      245.31133
      245.31149
      245.31162
      245.31179
      245.31207
      245.31253
      245.31299
      245.31345
      245.31390
      245.31448
      245.31505
      245.31559
      245.31609
      245.31659
      245.31710
      245.31757
      245.31799
      245.31828
      245.31862
      245.31895
      245.31928
      245.31962
      245.31995
      245.32020
      245.32041
      245.32062
      245.32083
      245.32110
      245.32138
      245.32167
      245.32195
      245.32220
      245.32248
      245.32273
      245.32299
      245.32323
      245.32348
      245.32370
      245.32392
      245.32407
      245.32432
      245.32463
      245.32480
      245.32497
      245.32512
      245.32527
      245.32548
      245.32571
      245.32595
      245.32613
      245.32635
      245.32652
      245.32665
      245.32676
      245.32686
      245.32701
      245.32716
      245.32735
      245.32747
      245.32758
      245.32778
      245.32797
      245.32817
      245.32840
      245.32860
      245.32878
      245.32897
      245.32911
      245.32926
      245.32940
      245.32954
      245.32970
      245.32995
      245.33017
      245.33031
      245.33056
      245.33077
      245.33099
      245.33117
      245.33137
      245.33153
      245.33176
      245.33198
      245.33221
      245.33245
      245.33269
      245.33293
      245.33316
      245.33341
      245.33366
      245.33390
      245.33414
      245.33438
      245.33458
      245.33478
      245.33496
      245.33506
      245.33515
      245.33522
      245.33529
      245.33535
      245.33548
      245.33560
      245.33571
      245.33584
      245.33598
      245.33612
      245.33624
      245.33637
      245.33648
      245.33668
      245.33685
      245.33689
      245.33695
      245.33702
      245.33712
      245.33712
      245.33712
      245.33712
      245.33712
      245.33712
      245.33714
      245.33716
      245.33720
      245.33727
      245.33734
      245.33741
      245.33746
      245.33746
      245.33745
      245.33740
      245.33739
      245.33737
      245.33731
      245.33719
      245.33706
      245.33695
      245.33686
      245.33676
      245.33667
      245.33669
      245.33672
      245.33674
      245.33673
      245.33673
      245.33672
      245.33671
      245.33669
      245.33667
      245.33667
      245.33666
      245.33666
      245.33664
      245.33662
      245.33654
      245.33646
      245.33639
      245.33631
      245.33627
      245.33621
      245.33616
      245.33613
      245.33611
      245.33601
      245.33585
      245.33565
      245.33543
      245.33521
      245.33497
      245.33474
      245.33450
      245.33426
      245.33402
      245.33361
      245.33316
      245.33270
      245.33225
      245.33178
      245.33134
      245.33089
      245.33045
      245.33002
      245.32954
      245.32906
      245.32859
      245.32812
      245.32763
      245.32713
      245.32663
      245.32613
      245.32563
      245.32511
      245.32460
      245.32410
      245.32358
      245.32302
      245.32256
      245.32214
      245.32172
      245.32132
      245.32091
      245.32052
      245.32012
      245.31972
      245.31929
      245.31887
      245.31842
      245.31798
      245.31745
      245.31693
      245.31639
      245.31588
      245.31538
      245.31491
      245.31444
      245.31385
      245.31326
      245.31270
      245.31213
      245.31158
      245.31102
      245.31045
      245.30986
      245.30927
      245.30871
      245.30816
      245.30768
      245.30721
      245.30674
      245.30626
      245.30578
      245.30544
      245.30513
      245.30482
      245.30451
      245.30426
      245.30400
      245.30377
      245.30351
      245.30330
      245.30309
      245.30288
      245.30268
      245.30247
      245.30229
      245.30209
      245.30186
      245.30165
      245.30145
      245.30113
      245.30082
      245.30051
      245.30020
      245.29989
      245.29958
      245.29927
      245.29890
      245.29852
      245.29815
      245.29793
      245.29770
      245.29748
      245.29725
      245.29698
      245.29673
      245.29647
      245.29622
      245.29597
      245.29572
      245.29545
      245.29518
      245.29491
      245.29461
      245.29431
      245.29401
      245.29371
      245.29345
      245.29318
      245.29294
      245.29274
      245.29268
      245.29263
      245.29258
      245.29252
      245.29246
      245.29241
      245.29236
      245.29233
      245.29229
      245.29226
      245.29223
      245.29223
      245.29223
      245.29224
      245.29225
      245.29226
      245.29226
      245.29212
      245.29201
      245.29189
      245.29177
      245.29166
      245.29154
      245.29143
      245.29131
      245.29119
      245.29122
      245.29126
      245.29128
      245.29131
      245.29133
      245.29135
      245.29138
      245.29139
      245.29141
      245.29143
      245.29145
      245.29152
      245.29171
      245.29189
      245.29208
      245.29226
      245.29245
      245.29263
      245.29278
      245.29294
      245.29311
      245.29329
      245.29347
      245.29371
      245.29394
      245.29417
      245.29440
      245.29468
      245.29496
      245.29523
      245.29543
      245.29564
      245.29584
      245.29604
      245.29624
      245.29640
      245.29657
      245.29674
      245.29692
      245.29713
      245.29734
      245.29745
      245.29756
      245.29767
      245.29778
      245.29788
      245.29799
      245.29808
      245.29817
      245.29826
      245.29837
      245.29847
      245.29855
      245.29863
      245.29872
      245.29866
      245.29861
      245.29856
      245.29851
      245.29845
      245.29840
      245.29836
      245.29832
      245.29828
      245.29833
      245.29839
      245.29845
      245.29845
      245.29846
      245.29845
      245.29843
      245.29842
      245.29844
      245.29848
      245.29853
      245.29857
      245.29861
      245.29864
      245.29867
      245.29866
      245.29866
      245.29865
      245.29862
      245.29860
      245.29857
      245.29855
      245.29847
      245.29841
      245.29835
      245.29830
      245.29825
      245.29820
      245.29817
      245.29819
      245.29822
      245.29830
      245.29838
      245.29846
      245.29849
      245.29851
      245.29852
      245.29852
      245.29853
      245.29853
      245.29850
      245.29852
      245.29854
      245.29865
      245.29876
      245.29878
      245.29880
      245.29884
      245.29889
      245.29891
      245.29890
      245.29889
      245.29888
      245.29890
      245.29891
      245.29892
      245.29897
      245.29902
      245.29914
      245.29936
      245.29957
      245.29982
      245.30006
      245.30031
      245.30056
      245.30080
      245.30102
      245.30124
      245.30145
      245.30165
      245.30185
      245.30210
      245.30235
      245.30262
      245.30289
      245.30316
      245.30344
      245.30372
      245.30400
      245.30424
      245.30449
      245.30472
      245.30496
      245.30520
      245.30543
      245.30567
      245.30592
      245.30616
      245.30642
      245.30670
      245.30697
      245.30723
      245.30749
      245.30773
      245.30798
      245.30825
      245.30851
      245.30877
      245.30905
      245.30932
      245.30960
      245.30987
      245.31017
      245.31047
      245.31080
      245.31114
      245.31145
      245.31178
      245.31215
      245.31251
      245.31287
      245.31322
      245.31358
      245.31393
      245.31432
      245.31471
      245.31509
      245.31549
      245.31588
      245.31627
      245.31665
      245.31707
      245.31749
      245.31791
      245.31833
      245.31874
      245.31909
      245.31941
      245.31974
      245.32005
      245.32037
      245.32069
      245.32100
      245.32132
      245.32158
      245.32184
      245.32212
      245.32239
      245.32267
      245.32294
      245.32320
      245.32343
      245.32365
      245.32388
      245.32409
      245.32428
      245.32447
      245.32462
      245.32478
      245.32494
      245.32511
      245.32530
      245.32547
      245.32568
      245.32590
      245.32610
      245.32631
      245.32654
      245.32676
      245.32697
      245.32718
      245.32738
      245.32757
      245.32772
      245.32790
      245.32808
      245.32827
      245.32847
      245.32867
      245.32890
      245.32913
      245.32936
      245.32960
      245.32979
      245.32997
      245.33018
      245.33040
      245.33061
      245.33083
      245.33104
      245.33124
      245.33144
      245.33163
      245.33177
      245.33194
      245.33210
      245.33225
      245.33238
      245.33253
      245.33267
      245.33281
      245.33293
      245.33307
      245.33321
      245.33335
      245.33357
      245.33378
      245.33400
      245.33425
      245.33451
      245.33477
      245.33502
      245.33529
      245.33552
      245.33575
      245.33598
      245.33621
      245.33644
      245.33668
      245.33689
      245.33710
      245.33731
      245.33752
      245.33773
      245.33795
      245.33820
      245.33847
      245.33874
      245.33891
      245.33909
      245.33926
      245.33944
      245.33960
      245.33977
      245.33992
      245.34006
      245.34021
      245.34037
      245.34053
      245.34069
      245.34084
      245.34098
      245.34112
      245.34125
      245.34138
      245.34145
      245.34154
      245.34162
      245.34172
      245.34179
      245.34187
      245.34195
      245.34202
      245.34210
      245.34219
      245.34228
      245.34236
      245.34246
      245.34259
      245.34270
      245.34285
      245.34299
      245.34314
