         Energy
      24.071544
      24.071441
      24.071741
      24.071890
      24.072429
      24.072788
      24.073589
      24.074116
      24.074777
      24.075306
      24.075739
      24.076586
      24.077634
      24.078516
      24.079280
      24.079819
      24.080295
      24.080750
      24.081156
      24.081456
      24.081461
      24.081463
      24.081466
      24.081668
      24.081731
      24.083802
      24.086013
      24.089282
      24.092279
      24.095077
      24.097593
      24.099951
      24.102160
      24.104243
      24.106207
      24.108072
      24.109837
      24.111508
      24.112941
      24.114203
      24.115406
      24.116566
      24.117468
      24.118328
      24.119150
      24.119825
      24.120580
      24.121303
      24.121997
      24.122663
      24.123356
      24.123963
      24.124543
      24.125058
      24.125554
      24.125905
      24.126286
      24.126430
      24.126569
      24.126643
      24.126715
      24.126725
      24.126710
      24.126689
      24.126693
      24.126696
      24.126679
      24.126663
      24.126729
      24.126750
      24.126770
      24.126790
      24.126869
      24.126946
      24.127021
      24.127111
      24.127197
      24.127175
      24.127149
      24.127123
      24.127037
      24.126969
      24.127024
      24.127073
      24.127252
      24.127535
      24.127813
      24.128198
      24.128568
      24.128881
      24.129097
      24.129309
      24.129516
      24.129736
      24.129952
      24.130164
      24.130377
      24.130260
      24.130117
      24.129977
      24.129826
      24.129672
      24.129520
      24.129384
      24.129252
      24.129098
      24.128948
      24.128817
      24.128270
      24.127733
      24.127206
      24.126688
      24.126179
      24.125679
      24.125204
      24.124738
      24.124920
      24.125262
      24.125624
      24.125981
      24.126332
      24.126683
      24.127080
      24.127461
      24.127826
      24.128123
      24.128415
      24.128702
      24.128985
      24.129263
      24.129499
      24.129731
      24.129963
      24.130191
      24.130436
      24.130628
      24.130818
      24.130991
      24.131142
      24.131291
      24.131409
      24.131525
      24.131652
      24.131787
      24.131917
      24.132115
      24.132300
      24.132469
      24.132669
      24.132885
      24.133098
      24.133314
      24.133525
      24.133722
      24.133916
      24.134107
      24.134302
      24.134511
      24.134728
      24.134942
      24.135153
      24.135362
      24.135577
      24.135823
      24.136067
      24.136281
      24.136476
      24.136659
      24.136862
      24.137062
      24.137261
      24.137490
      24.137722
      24.137922
      24.138120
      24.138315
      24.138523
      24.138733
      24.138929
      24.139119
      24.139331
      24.139541
      24.139753
      24.139968
      24.140183
      24.140381
      24.140577
      24.140771
      24.140954
      24.141094
      24.141232
      24.141368
      24.141315
      24.141262
      24.141210
      24.141154
      24.141099
      24.141041
      24.140983
      24.140939
      24.140683
      24.140436
      24.140190
      24.139952
      24.139717
      24.139488
      24.139270
      24.139025
      24.138643
      24.138277
      24.137917
      24.137558
      24.137246
      24.136937
      24.136631
      24.136327
      24.136036
      24.135753
      24.135469
      24.135575
      24.135657
      24.135125
      24.134602
      24.134087
      24.133576
      24.133070
      24.132579
      24.132105
      24.131634
      24.131168
      24.131341
      24.131509
      24.131674
      24.131839
      24.132008
      24.132176
      24.132348
      24.132518
      24.132685
      24.132850
      24.133014
      24.133166
      24.133298
      24.133429
      24.133559
      24.133700
      24.133830
      24.133959
      24.134086
      24.134219
      24.134382
      24.134544
      24.134705
      24.134861
      24.135017
      24.135180
      24.135341
      24.135467
      24.135579
      24.135691
      24.135801
      24.135920
      24.136036
      24.136152
      24.136266
      24.136380
      24.136492
      24.136630
      24.136774
      24.136917
      24.137054
      24.137197
      24.137339
      24.137467
      24.137616
      24.137772
      24.137927
      24.138073
      24.138217
      24.138361
      24.138493
      24.138635
      24.138775
      24.138915
      24.139054
      24.139191
      24.139297
      24.139401
      24.139510
      24.139619
      24.139726
      24.139817
      24.139908
      24.139997
      24.140087
      24.140173
      24.140244
      24.140315
      24.140390
      24.140465
      24.140541
      24.140622
      24.140699
      24.140776
      24.140852
      24.140924
      24.141003
      24.141081
      24.141157
      24.141233
      24.141312
      24.141390
      24.141487
      24.141564
      24.141641
      24.141717
      24.141785
      24.141852
      24.141915
      24.141985
      24.142043
      24.142102
      24.142166
      24.142229
      24.142279
      24.142280
      24.142280
      24.142281
      24.142324
      24.142368
      24.142413
      24.142457
      24.142501
      24.142548
      24.142576
      24.142604
      24.142632
      24.142668
      24.142704
      24.142742
      24.142782
      24.142817
      24.142852
      24.142906
      24.142960
      24.143014
      24.143067
      24.143115
      24.143156
      24.143234
      24.143312
      24.143389
      24.143466
      24.143530
      24.143585
      24.143643
      24.143701
      24.143759
      24.143794
      24.143838
      24.143912
      24.143984
      24.144052
      24.144119
      24.144180
      24.144245
      24.144322
      24.144398
      24.144476
      24.144552
      24.144629
      24.144703
      24.144777
      24.144850
      24.144923
      24.144990
      24.145032
      24.145064
      24.145106
      24.145148
      24.145185
      24.145221
      24.145269
      24.145317
      24.145340
      24.145372
      24.145405
      24.145454
      24.145515
      24.145550
      24.145586
      24.145621
      24.145661
      24.145694
      24.145736
      24.145779
      24.145811
      24.145849
      24.145887
      24.145924
      24.145985
      24.146047
      24.146108
      24.146170
      24.146232
      24.146295
      24.146375
      24.146452
      24.146534
      24.146618
      24.146700
      24.146783
      24.146878
      24.146974
      24.147069
      24.147164
      24.147256
      24.147349
      24.147412
      24.147475
      24.147563
      24.147650
      24.147738
      24.147833
      24.147929
      24.148030
      24.148131
      24.148229
      24.148316
      24.148402
      24.148487
      24.148572
      24.148651
      24.148731
      24.148810
      24.148889
      24.148967
      24.149042
      24.149133
      24.149224
      24.149314
      24.149397
      24.149486
      24.149574
      24.149662
      24.149742
      24.149807
      24.149874
      24.149925
      24.149971
      24.150017
      24.150057
      24.150097
      24.150129
      24.150152
      24.150175
      24.150197
      24.150222
      24.150267
      24.150311
      24.150357
      24.150403
      24.150449
      24.150493
      24.150537
      24.150581
      24.150628
      24.150675
      24.150724
      24.150775
      24.150825
      24.150875
      24.150925
      24.150979
      24.151033
      24.151088
      24.151143
      24.151195
      24.151253
      24.151310
      24.151347
      24.151409
      24.151480
      24.151548
      24.151618
      24.151689
      24.151751
      24.151811
      24.151875
      24.151938
      24.152001
      24.152054
      24.152107
      24.152159
      24.152212
      24.152268
      24.152324
      24.152378
      24.152430
      24.152387
      24.152430
      24.152472
      24.152440
      24.152409
      24.152376
      24.152342
      24.152309
      24.152275
      24.152241
      24.152289
      24.152337
      24.152388
      24.152450
      24.152510
      24.152569
      24.152631
      24.152692
      24.152752
      24.152809
      24.152867
      24.152927
      24.152987
      24.153045
      24.153104
      24.153162
      24.153221
      24.153280
      24.153340
      24.153397
      24.153448
      24.153500
      24.153558
      24.153616
      24.153676
      24.153736
      24.153795
      24.153855
      24.153914
      24.153973
      24.154029
      24.154083
      24.154137
      24.154200
      24.154254
      24.154313
      24.154372
      24.154430
      24.154489
      24.154546
      24.154603
      24.154660
      24.154706
      24.154751
      24.154796
      24.154836
      24.154872
      24.154909
      24.154936
      24.154964
      24.154990
      24.155020
      24.155057
      24.155091
      24.155124
      24.155160
      24.155197
      24.155223
      24.155249
      24.155271
      24.155293
      24.155310
      24.155327
      24.155345
      24.155364
      24.155383
      24.155411
      24.155439
      24.155478
      24.155516
      24.155555
      24.155594
      24.155644
      24.155688
      24.155739
      24.155789
      24.155840
      24.155878
      24.155916
      24.155963
      24.156000
      24.156041
      24.156083
      24.156124
      24.156173
      24.156219
      24.156265
      24.156311
      24.156356
      24.156402
      24.156446
      24.156491
      24.156536
      24.156582
      24.156628
      24.156672
      24.156716
      24.156761
      24.156805
      24.156849
      24.156893
      24.156932
      24.156962
      24.156989
      24.157019
      24.157052
      24.157084
      24.157127
      24.157175
      24.157222
      24.157272
      24.157308
      24.157344
      24.157380
      24.157416
      24.157447
      24.157479
      24.157510
      24.157541
      24.157572
      24.157606
      24.157644
      24.157678
      24.157716
      24.157753
      24.157790
      24.157826
      24.157861
      24.157896
      24.157931
      24.157966
      24.158004
      24.158041
      24.158079
      24.158113
      24.158147
      24.158181
      24.158209
      24.158237
      24.158265
      24.158287
      24.158315
      24.158343
      24.158371
      24.158400
      24.158429
      24.158457
      24.158486
      24.158513
      24.158541
      24.158573
      24.158597
      24.158620
      24.158644
      24.158667
      24.158691
      24.158720
      24.158743
      24.158766
      24.158787
      24.158807
      24.158828
      24.158849
      24.158877
      24.158884
      24.158887
      24.158889
      24.158887
      24.158885
      24.158881
      24.158875
      24.158869
      24.158853
      24.158829
      24.158806
      24.158775
      24.158745
      24.158715
      24.158688
      24.158655
      24.158623
      24.158594
      24.158576
      24.158564
      24.158551
      24.158547
      24.158536
      24.158527
      24.158522
      24.158509
      24.158497
      24.158487
      24.158478
      24.158466
      24.158453
      24.158439
      24.158435
      24.158432
      24.158429
      24.158420
      24.158411
      24.158381
      24.158316
      24.158249
      24.158183
      24.158117
      24.158049
      24.157981
      24.157916
      24.157849
      24.157795
      24.157744
      24.157698
      24.157650
      24.157601
      24.157550
      24.157480
      24.157410
      24.157345
      24.157277
      24.157217
      24.157159
      24.157101
      24.157054
      24.157002
      24.156951
      24.156900
      24.156849
      24.156798
      24.156751
      24.156705
      24.156660
      24.156608
      24.156555
      24.156502
      24.156458
      24.156411
      24.156373
      24.156340
      24.156306
      24.156284
      24.156266
      24.156249
      24.156232
      24.156218
      24.156203
      24.156183
      24.156164
      24.156145
      24.156109
      24.156069
      24.156032
      24.155995
      24.155958
      24.155922
      24.155877
      24.155823
      24.155767
      24.155720
      24.155674
      24.155627
      24.155584
      24.155541
      24.155498
      24.155468
      24.155437
      24.155408
      24.155380
      24.155344
      24.155312
      24.155280
      24.155249
      24.155219
      24.155188
      24.155157
      24.155127
      24.155093
      24.155058
      24.155021
      24.154985
      24.154949
      24.154912
      24.154877
      24.154842
      24.154807
      24.154771
      24.154740
      24.154708
      24.154683
      24.154655
      24.154634
      24.154612
      24.154589
      24.154573
      24.154556
      24.154539
      24.154522
      24.154505
      24.154490
      24.154476
      24.154458
      24.154441
      24.154427
      24.154419
      24.154404
      24.154395
      24.154386
      24.154377
      24.154368
      24.154348
      24.154331
      24.154314
      24.154296
      24.154279
      24.154263
      24.154246
      24.154230
      24.154219
      24.154207
      24.154196
      24.154185
      24.154174
      24.154165
      24.154155
      24.154145
      24.154135
      24.154117
      24.154096
      24.154088
      24.154080
      24.154072
      24.154066
      24.154061
      24.154063
      24.154065
      24.154065
      24.154067
      24.154069
      24.154071
      24.154073
      24.154074
      24.154075
      24.154073
      24.154071
      24.154068
      24.154064
      24.154051
      24.154038
      24.154024
      24.154013
      24.153999
      24.153982
      24.153964
      24.153947
      24.153931
      24.153914
      24.153898
      24.153884
      24.153870
      24.153858
      24.153854
      24.153852
      24.153850
      24.153847
      24.153850
      24.153853
      24.153856
      24.153858
      24.153864
      24.153870
      24.153876
      24.153885
      24.153897
      24.153908
      24.153922
      24.153940
      24.153957
      24.153975
      24.153993
      24.154011
      24.154029
      24.154047
      24.154066
      24.154085
      24.154102
      24.154119
      24.154135
      24.154152
      24.154169
      24.154185
      24.154201
      24.154219
      24.154236
      24.154250
      24.154264
      24.154276
      24.154288
      24.154296
      24.154305
      24.154314
      24.154323
      24.154337
      24.154348
      24.154358
      24.154369
      24.154376
      24.154382
      24.154377
      24.154373
      24.154368
      24.154365
      24.154359
      24.154348
      24.154336
      24.154323
      24.154314
      24.154306
      24.154298
      24.154295
      24.154299
      24.154294
      24.154288
      24.154281
      24.154276
      24.154271
      24.154274
      24.154268
      24.154260
      24.154253
      24.154250
      24.154248
      24.154253
      24.154252
      24.154251
      24.154249
      24.154255
      24.154261
      24.154267
      24.154274
      24.154282
      24.154298
      24.154313
      24.154332
      24.154343
      24.154354
      24.154365
      24.154375
      24.154384
      24.154393
      24.154402
      24.154411
      24.154415
      24.154418
      24.154422
      24.154426
      24.154431
      24.154436
      24.154441
      24.154446
      24.154451
      24.154455
      24.154458
      24.154462
      24.154471
      24.154477
      24.154482
      24.154485
      24.154489
      24.154493
      24.154492
      24.154494
      24.154500
      24.154504
      24.154516
      24.154533
      24.154549
      24.154573
      24.154596
      24.154615
      24.154636
      24.154657
      24.154678
      24.154698
      24.154723
      24.154747
      24.154771
      24.154797
      24.154823
      24.154850
      24.154877
      24.154908
      24.154940
      24.154970
      24.155000
      24.155031
      24.155061
      24.155091
      24.155120
      24.155149
      24.155179
      24.155207
      24.155230
      24.155256
      24.155282
      24.155308
      24.155334
      24.155360
      24.155387
      24.155412
      24.155437
      24.155459
      24.155482
      24.155499
      24.155510
      24.155521
