         Energy
      121.72237
      121.71860
      121.71661
      121.71475
      121.71363
      121.71289
      121.71236
      121.71051
      121.70900
      121.70779
      121.70615
      121.70496
      121.70396
      121.70310
      121.70304
      121.70298
      121.70302
      121.70297
      121.70296
      121.70307
      121.70105
      121.69922
      121.69751
      121.69593
      121.69448
      121.69366
      121.69252
      121.69143
      121.69025
      121.68899
      121.68723
      121.68550
      121.68386
      121.68213
      121.68051
      121.67867
      121.67677
      121.67496
      121.67320
      121.67329
      121.67325
      121.67330
      121.67347
      121.67364
      121.67380
      121.67298
      121.67238
      121.67209
      121.67181
      121.67172
      121.67167
      121.67159
      121.67171
      121.67136
      121.67082
      121.67040
      121.66982
      121.66916
      121.66847
      121.66789
      121.66745
      121.66667
      121.66604
      121.66543
      121.66483
      121.66411
      121.66310
      121.66220
      121.66129
      121.66041
      121.65954
      121.65871
      121.65787
      121.65705
      121.65639
      121.65575
      121.65524
      121.65469
      121.65419
      121.65375
      121.65334
      121.65293
      121.65286
      121.65271
      121.65256
      121.65252
      121.65257
      121.65264
      121.65271
      121.65274
      121.65283
      121.65294
      121.65304
      121.65291
      121.65279
      121.65271
      121.65251
      121.65242
      121.65233
      121.65226
      121.65213
      121.65203
      121.65193
      121.65176
      121.65161
      121.65149
      121.65117
      121.65084
      121.65055
      121.65008
      121.64950
      121.64894
      121.64838
      121.64788
      121.64765
      121.64742
      121.64726
      121.64715
      121.64697
      121.64679
      121.64662
      121.64644
      121.64635
      121.64618
      121.64602
      121.64581
      121.64556
      121.64532
      121.64509
      121.64488
      121.64460
      121.64428
      121.64397
      121.64365
      121.64340
      121.64309
      121.64278
      121.64244
      121.64212
      121.64180
      121.64158
      121.64145
      121.64128
      121.64106
      121.64084
      121.64068
      121.64038
      121.64011
      121.63985
      121.63959
      121.63937
      121.63906
      121.63877
      121.63847
      121.63826
      121.63805
      121.63785
      121.63761
      121.63752
      121.63742
      121.63730
      121.63714
      121.63700
      121.63680
      121.63663
      121.63641
      121.63621
      121.63600
      121.63582
      121.63565
      121.63548
      121.63531
      121.63518
      121.63504
      121.63489
      121.63474
      121.63459
      121.63453
      121.63451
      121.63451
      121.63455
      121.63460
      121.63469
      121.63476
      121.63487
      121.63500
      121.63507
      121.63511
      121.63518
      121.63524
      121.63530
      121.63537
      121.63538
      121.63541
      121.63544
      121.63541
      121.63538
      121.63537
      121.63540
      121.63541
      121.63547
      121.63553
      121.63556
      121.63560
      121.63564
      121.63567
      121.63577
      121.63603
      121.63634
      121.63664
      121.63693
      121.63757
      121.63819
      121.63881
      121.63943
      121.64002
      121.64057
      121.64112
      121.64163
      121.64216
      121.64268
      121.64322
      121.64374
      121.64428
      121.64481
      121.64535
      121.64583
      121.64628
      121.64674
      121.64716
      121.64729
      121.64742
      121.64754
      121.64771
      121.64785
      121.64800
      121.64815
      121.64830
      121.64846
      121.64857
      121.64867
      121.64879
      121.64890
      121.64903
      121.64915
      121.64927
      121.64939
      121.64954
      121.64969
      121.64983
      121.64998
      121.65012
      121.65025
      121.65037
      121.65050
      121.65060
      121.65070
      121.65077
      121.65090
      121.65103
      121.65116
      121.65128
      121.65140
      121.65152
      121.65166
      121.65179
      121.65193
      121.65200
      121.65205
      121.65211
      121.65215
      121.65218
      121.65221
      121.65220
      121.65221
      121.65221
      121.65222
      121.65226
      121.65229
      121.65232
      121.65237
      121.65242
      121.65249
      121.65256
      121.65260
      121.65265
      121.65268
      121.65254
      121.65238
      121.65229
      121.65219
      121.65209
      121.65199
      121.65188
      121.65177
      121.65160
      121.65136
      121.65112
      121.65100
      121.65087
      121.65074
      121.65061
      121.65048
      121.65030
      121.65011
      121.64993
      121.64974
      121.64958
      121.64942
      121.64925
      121.64913
      121.64900
      121.64888
      121.64875
      121.64860
      121.64856
      121.64853
      121.64849
      121.64846
      121.64848
      121.64848
      121.64846
      121.64844
      121.64831
      121.64819
      121.64808
      121.64800
      121.64792
      121.64785
      121.64776
      121.64769
      121.64762
      121.64757
      121.64751
      121.64746
      121.64740
      121.64734
      121.64730
      121.64726
      121.64729
      121.64733
      121.64734
      121.64733
      121.64734
      121.64735
      121.64736
      121.64734
      121.64731
      121.64730
      121.64729
      121.64728
      121.64721
      121.64713
      121.64701
      121.64689
      121.64680
      121.64670
      121.64659
      121.64648
      121.64637
      121.64626
      121.64614
      121.64601
      121.64587
      121.64573
      121.64559
      121.64549
      121.64540
      121.64531
      121.64521
      121.64511
      121.64501
      121.64495
      121.64486
      121.64478
      121.64471
      121.64463
      121.64460
      121.64459
      121.64458
      121.64456
      121.64451
      121.64446
      121.64443
      121.64441
      121.64438
      121.64436
      121.64433
      121.64427
      121.64421
      121.64416
      121.64410
      121.64407
      121.64404
      121.64402
      121.64399
      121.64396
      121.64396
      121.64394
      121.64392
      121.64391
      121.64390
      121.64389
      121.64391
      121.64394
      121.64397
      121.64410
      121.64416
      121.64429
      121.64439
      121.64449
      121.64459
      121.64468
      121.64476
      121.64486
      121.64496
      121.64506
      121.64520
      121.64533
      121.64546
      121.64560
      121.64574
      121.64590
      121.64599
      121.64607
      121.64616
      121.64626
      121.64636
      121.64646
      121.64657
      121.64666
      121.64675
      121.64683
      121.64702
      121.64720
      121.64739
      121.64756
      121.64774
      121.64792
      121.64809
      121.64828
      121.64846
      121.64865
      121.64884
      121.64903
      121.64921
      121.64939
      121.64957
      121.64974
      121.64992
      121.65013
      121.65032
      121.65051
      121.65071
      121.65088
      121.65106
      121.65126
      121.65153
      121.65178
      121.65203
      121.65228
      121.65257
      121.65285
      121.65312
      121.65340
      121.65372
      121.65404
      121.65433
      121.65462
      121.65491
      121.65520
      121.65548
      121.65571
      121.65593
      121.65613
      121.65633
      121.65653
      121.65673
      121.65693
      121.65714
      121.65734
      121.65754
      121.65774
      121.65794
      121.65812
      121.65829
      121.65848
      121.65868
      121.65888
      121.65908
      121.65928
      121.65948
      121.65968
      121.65990
      121.66012
      121.66034
      121.66057
      121.66080
      121.66101
      121.66122
      121.66141
      121.66161
      121.66180
      121.66196
      121.66213
      121.66231
      121.66250
      121.66270
      121.66289
      121.66307
      121.66326
      121.66339
      121.66351
      121.66362
      121.66373
      121.66387
      121.66401
      121.66414
      121.66427
      121.66440
      121.66455
      121.66470
      121.66486
      121.66501
      121.66516
      121.66534
      121.66551
      121.66566
      121.66581
      121.66602
      121.66622
      121.66643
      121.66664
      121.66681
      121.66699
      121.66717
      121.66735
      121.66759
      121.66783
      121.66806
      121.66828
      121.66851
      121.66873
      121.66895
      121.66917
      121.66938
      121.66960
      121.66981
      121.67002
      121.67026
      121.67050
      121.67074
      121.67098
      121.67121
      121.67144
      121.67167
      121.67190
      121.67213
      121.67236
      121.67264
      121.67291
      121.67319
      121.67345
      121.67371
      121.67394
      121.67417
      121.67439
      121.67460
      121.67479
      121.67497
      121.67515
      121.67533
      121.67551
      121.67567
      121.67582
      121.67598
      121.67614
      121.67630
      121.67646
      121.67663
      121.67681
      121.67700
      121.67719
      121.67738
      121.67758
      121.67779
      121.67801
      121.67820
      121.67839
      121.67859
      121.67879
      121.67896
      121.67914
      121.67932
      121.67946
      121.67960
      121.67974
      121.67987
      121.68000
      121.68014
      121.68028
      121.68043
      121.68058
      121.68072
      121.68085
      121.68096
      121.68107
      121.68119
      121.68131
      121.68144
      121.68157
      121.68177
      121.68196
      121.68218
      121.68240
      121.68261
      121.68282
      121.68301
      121.68320
      121.68337
      121.68353
      121.68369
      121.68385
      121.68401
      121.68417
      121.68433
      121.68450
      121.68466
      121.68482
      121.68497
      121.68513
      121.68528
      121.68543
      121.68557
      121.68571
      121.68585
      121.68597
      121.68609
      121.68621
      121.68632
      121.68644
      121.68653
      121.68664
      121.68674
      121.68684
      121.68694
      121.68703
      121.68714
      121.68725
      121.68746
      121.68770
      121.68795
      121.68820
      121.68841
      121.68865
      121.68891
      121.68912
      121.68932
      121.68953
      121.68973
      121.68994
      121.69014
      121.69035
      121.69055
      121.69076
      121.69097
      121.69119
      121.69140
      121.69160
      121.69182
      121.69204
      121.69226
      121.69249
      121.69271
      121.69293
      121.69316
      121.69337
      121.69357
      121.69378
      121.69396
      121.69415
      121.69434
      121.69452
      121.69470
      121.69490
      121.69511
      121.69532
      121.69553
      121.69570
      121.69586
      121.69602
      121.69620
      121.69638
      121.69654
      121.69669
      121.69683
      121.69696
      121.69699
      121.69701
      121.69701
      121.69702
      121.69703
      121.69704
      121.69702
      121.69700
      121.69698
      121.69696
      121.69697
      121.69699
      121.69701
      121.69702
      121.69703
      121.69703
      121.69704
      121.69701
      121.69698
      121.69699
      121.69699
      121.69698
      121.69698
      121.69696
      121.69695
      121.69694
      121.69693
      121.69692
      121.69691
      121.69689
      121.69688
      121.69686
      121.69684
      121.69682
      121.69681
      121.69680
      121.69680
      121.69680
      121.69679
      121.69680
      121.69680
      121.69681
      121.69682
      121.69684
      121.69686
      121.69689
      121.69693
      121.69697
      121.69703
      121.69705
      121.69706
      121.69708
      121.69710
      121.69712
      121.69713
      121.69714
      121.69718
      121.69721
      121.69724
      121.69727
      121.69730
      121.69733
      121.69734
      121.69735
      121.69735
      121.69735
      121.69735
      121.69733
      121.69732
      121.69728
      121.69725
      121.69721
      121.69718
      121.69714
      121.69710
      121.69707
      121.69703
      121.69699
      121.69696
      121.69696
      121.69695
      121.69695
      121.69695
      121.69696
      121.69697
      121.69697
      121.69696
      121.69693
      121.69689
      121.69686
      121.69682
      121.69684
      121.69685
      121.69686
      121.69687
      121.69687
      121.69687
      121.69687
      121.69688
      121.69689
      121.69690
      121.69691
      121.69691
      121.69691
      121.69693
      121.69694
      121.69695
      121.69696
      121.69697
      121.69701
      121.69705
      121.69709
      121.69713
      121.69716
      121.69718
      121.69720
      121.69721
      121.69721
      121.69722
      121.69722
      121.69725
      121.69728
      121.69733
      121.69737
      121.69748
      121.69760
      121.69772
      121.69784
      121.69796
      121.69808
      121.69820
      121.69833
      121.69846
      121.69854
      121.69862
      121.69870
      121.69877
      121.69884
      121.69892
      121.69900
      121.69908
      121.69915
      121.69921
      121.69924
      121.69928
      121.69932
      121.69936
      121.69941
      121.69946
      121.69950
      121.69955
      121.69958
      121.69961
      121.69962
      121.69964
      121.69967
      121.69971
      121.69974
      121.69978
      121.69980
      121.69982
      121.69983
      121.69985
      121.69987
      121.69988
      121.69990
      121.69991
      121.69993
      121.69995
      121.69998
      121.70000
      121.70002
      121.70005
      121.70012
      121.70016
      121.70021
      121.70025
      121.70030
      121.70033
      121.70036
      121.70038
      121.70038
      121.70039
      121.70042
      121.70045
      121.70047
      121.70049
      121.70050
      121.70051
      121.70051
      121.70052
      121.70052
      121.70049
      121.70045
      121.70041
      121.70037
      121.70034
      121.70032
      121.70030
      121.70028
      121.70026
      121.70025
      121.70024
      121.70022
      121.70021
      121.70020
      121.70017
      121.70015
      121.70014
      121.70013
      121.70012
      121.70011
      121.70011
      121.70010
      121.70010
      121.70009
      121.70009
      121.70008
      121.70010
      121.70013
      121.70017
      121.70020
      121.70024
      121.70027
      121.70030
      121.70033
      121.70036
      121.70038
      121.70041
      121.70043
      121.70046
      121.70049
      121.70051
      121.70052
      121.70054
      121.70056
      121.70058
      121.70060
      121.70063
      121.70064
      121.70066
      121.70065
      121.70063
      121.70060
      121.70057
      121.70053
      121.70051
      121.70050
      121.70050
      121.70049
      121.70048
      121.70048
      121.70047
      121.70048
      121.70049
      121.70049
      121.70050
      121.70050
      121.70051
      121.70052
      121.70051
      121.70050
      121.70048
      121.70046
      121.70044
      121.70042
      121.70040
      121.70039
      121.70037
      121.70036
      121.70032
      121.70029
      121.70025
      121.70021
      121.70017
      121.70014
      121.70011
      121.70007
      121.70003
      121.70000
      121.69996
      121.69993
      121.69990
      121.69987
      121.69984
      121.69981
      121.69977
      121.69974
      121.69971
      121.69968
      121.69965
      121.69962
      121.69959
      121.69955
      121.69951
      121.69948
      121.69945
      121.69942
      121.69939
      121.69936
      121.69933
      121.69932
      121.69930
      121.69929
      121.69928
      121.69927
      121.69926
      121.69925
      121.69926
      121.69926
      121.69927
      121.69928
      121.69930
      121.69932
      121.69933
      121.69935
      121.69939
      121.69942
      121.69945
      121.69949
      121.69952
      121.69952
      121.69953
      121.69953
      121.69952
      121.69946
      121.69941
