         Energy
      4.8211047
      4.8299117
      4.8328473
      4.8343152
      4.8356392
      4.8365219
      4.8370316
      4.8374139
      4.8387911
      4.8398928
      4.8407930
      4.8402912
      4.8398666
      4.8399803
      4.8398243
      4.8396878
      4.8392753
      4.8394926
      4.8396390
      4.8393932
      4.8391708
      4.8390801
      4.8389972
      4.8389213
      4.8388972
      4.8388749
      4.8385547
      4.8382573
      4.8379805
      4.8377221
      4.8375560
      4.8373377
      4.8371911
      4.8370646
      4.8370393
      4.8368373
      4.8367898
      4.8367448
      4.8362210
      4.8357234
      4.8349409
      4.8343631
      4.8338121
      4.8337545
      4.8336995
      4.8337964
      4.8338146
      4.8339281
      4.8340370
      4.8341415
      4.8341841
      4.8342251
      4.8341447
      4.8340672
      4.8339926
      4.8322320
      4.8322895
      4.8322641
      4.8321921
      4.8321389
      4.8320042
      4.8318447
      4.8317026
      4.8313790
      4.8310654
      4.8305309
      4.8302533
      4.8299838
      4.8299123
      4.8298871
      4.8297998
      4.8297120
      4.8295082
      4.8294079
      4.8294634
      4.8295231
      4.8294852
      4.8293794
      4.8293269
      4.8292756
      4.8287381
      4.8282136
      4.8276802
      4.8270533
      4.8268134
      4.8265791
      4.8263501
      4.8261264
      4.8259343
      4.8257465
      4.8255607
      4.8254049
      4.8252377
      4.8249023
      4.8248693
      4.8248370
      4.8248053
      4.8248271
      4.8248262
      4.8247221
      4.8246371
      4.8242934
      4.8239564
      4.8234644
      4.8234175
      4.8233945
      4.8235195
      4.8234897
      4.8235555
      4.8236201
      4.8236836
      4.8238406
      4.8239513
      4.8240600
      4.8239670
      4.8238757
      4.8239015
      4.8230882
      4.8232181
      4.8233459
      4.8235101
      4.8234007
      4.8207116
      4.8180658
      4.8154623
      4.8151847
      4.8147431
      4.8149742
      4.8152016
      4.8154022
      4.8155944
      4.8157665
      4.8160205
      4.8162798
      4.8165124
      4.8167645
      4.8170088
      4.8172011
      4.8173906
      4.8175774
      4.8174413
      4.8175890
      4.8177347
      4.8178509
      4.8177735
      4.8176971
      4.8175937
      4.8174916
      4.8173550
      4.8171497
      4.8171811
      4.8172121
      4.8172699
      4.8173077
      4.8174078
      4.8175067
      4.8176043
      4.8177347
      4.8178002
      4.8178290
      4.8179567
      4.8179368
      4.8179488
      4.8179607
      4.8180315
      4.8180975
      4.8181628
      4.8182521
      4.8154292
      4.8126396
      4.8126834
      4.8128119
      4.8130202
      4.8132261
      4.8134296
      4.8136308
      4.8138187
      4.8139655
      4.8141017
      4.8142791
      4.8144155
      4.8145883
      4.8147841
      4.8149493
      4.8151127
      4.8152744
      4.8154343
      4.8155925
      4.8157491
      4.8159039
      4.8160211
      4.8161371
      4.8162703
      4.8164021
      4.8165325
      4.8166692
      4.8168045
      4.8169384
      4.8169994
      4.8170594
      4.8171187
      4.8171220
      4.8172280
      4.8173330
      4.8174369
      4.8175399
      4.8176418
      4.8177428
      4.8178568
      4.8179315
      4.8180176
      4.8181030
      4.8181875
      4.8182777
      4.8183395
      4.8184272
      4.8184225
      4.8184436
      4.8182439
      4.8181184
      4.8182185
      4.8183146
      4.8184098
      4.8184974
      4.8185588
      4.8185977
      4.8186362
      4.8186898
      4.8187042
      4.8187185
      4.8187327
      4.8187468
      4.8187863
      4.8188254
      4.8188400
      4.8188317
      4.8188235
      4.8188056
      4.8187520
      4.8188634
      4.8189823
      4.8190830
      4.8192015
      4.8193135
      4.8192214
      4.8191301
      4.8191601
      4.8191898
      4.8181412
      4.8181863
      4.8182827
      4.8184008
      4.8185402
      4.8186785
      4.8187888
      4.8188982
      4.8190097
      4.8191217
      4.8192195
      4.8193254
      4.8194305
      4.8195347
      4.8195771
      4.8196192
      4.8196609
      4.8197023
      4.8197877
      4.8198202
      4.8198596
      4.8199033
      4.8199553
      4.8200070
      4.8200224
      4.8200467
      4.8200727
      4.8200955
      4.8201182
      4.8201406
      4.8201629
      4.8201851
      4.8202071
      4.8202289
      4.8202061
      4.8202249
      4.8202437
      4.8202623
      4.8202803
      4.8202982
      4.8203160
      4.8203476
      4.8203207
      4.8203575
      4.8204075
      4.8204520
      4.8204963
      4.8204901
      4.8205199
      4.8204626
      4.8204842
      4.8197105
      4.8196063
      4.8196339
      4.8196292
      4.8196339
      4.8196279
      4.8196056
      4.8195668
      4.8195440
      4.8195448
      4.8195457
      4.8195465
      4.8195977
      4.8196486
      4.8196991
      4.8197082
      4.8196701
      4.8197116
      4.8197529
      4.8197818
      4.8198085
      4.8198287
      4.8198487
      4.8198954
      4.8199356
      4.8200100
      4.8200953
      4.8201752
      4.8201090
      4.8200431
      4.8201042
      4.8201650
      4.8202253
      4.8202895
      4.8203534
      4.8204149
      4.8204761
      4.8203472
      4.8203629
      4.8202734
      4.8203241
      4.8203585
      4.8204299
      4.8205010
      4.8205612
      4.8205700
      4.8206376
      4.8207305
      4.8208012
      4.8208686
      4.8209053
      4.8208516
      4.8207983
      4.8207104
      4.8207067
      4.8207029
      4.8206492
      4.8206209
      4.8205935
      4.8205664
      4.8205394
      4.8205055
      4.8204717
      4.8204192
      4.8203829
      4.8203468
      4.8202923
      4.8202382
      4.8201843
      4.8200981
      4.8200913
      4.8200856
      4.8200801
      4.8201206
      4.8201609
      4.8201960
      4.8202310
      4.8202314
      4.8202525
      4.8202895
      4.8203263
      4.8203629
      4.8203993
      4.8204550
      4.8205086
      4.8205429
      4.8205771
      4.8206249
      4.8206725
      4.8207198
      4.8207547
      4.8208159
      4.8208792
      4.8209327
      4.8209859
      4.8210389
      4.8210916
      4.8211382
      4.8211381
      4.8211386
      4.8211284
      4.8210912
      4.8210739
      4.8210210
      4.8209717
      4.8209207
      4.8208700
      4.8208258
      4.8207938
      4.8207619
      4.8207822
      4.8208117
      4.8208533
      4.8209160
      4.8209919
      4.8210673
      4.8211424
      4.8212171
      4.8212869
      4.8213502
      4.8214066
      4.8214632
      4.8214771
      4.8214934
      4.8212016
      4.8205873
      4.8206057
      4.8206064
      4.8206500
      4.8206965
      4.8207045
      4.8207207
      4.8207368
      4.8207529
      4.8207688
      4.8207529
      4.8206845
      4.8207104
      4.8207405
      4.8207778
      4.8208285
      4.8208569
      4.8208624
      4.8208679
      4.8208733
      4.8208787
      4.8208630
      4.8208473
      4.8208350
      4.8207848
      4.8207645
      4.8207817
      4.8207829
      4.8207953
      4.8207927
      4.8207901
      4.8207779
      4.8207393
      4.8207008
      4.8207046
      4.8206861
      4.8206823
      4.8206785
      4.8206663
      4.8206555
      4.8206447
      4.8206473
      4.8206498
      4.8206146
      4.8205808
      4.8205473
      4.8205530
      4.8205629
      4.8205785
      4.8205941
      4.8206200
      4.8206039
      4.8206179
      4.8206284
      4.8206387
      4.8206491
      4.8206378
      4.8206267
      4.8206220
      4.8205959
      4.8206316
      4.8206671
      4.8207093
      4.8207458
      4.8207860
      4.8208261
      4.8208754
      4.8209246
      4.8209632
      4.8209660
      4.8209303
      4.8208948
      4.8208322
      4.8208193
      4.8207971
      4.8207762
      4.8207666
      4.8207655
      4.8207793
      4.8207933
      4.8208184
      4.8208236
      4.8208534
      4.8206759
      4.8205912
      4.8205933
      4.8206282
      4.8206595
      4.8207074
      4.8207549
      4.8208023
      4.8208214
      4.8208017
      4.8207741
      4.8207514
      4.8207289
      4.8207065
      4.8206841
      4.8206618
      4.8206396
      4.8206146
      4.8205597
      4.8205005
      4.8204391
      4.8203779
      4.8203170
      4.8202149
      4.8188191
      4.8174286
      4.8172311
      4.8170343
      4.8168382
      4.8167544
      4.8164299
      4.8163819
      4.8163734
      4.8163648
      4.8163563
      4.8162956
      4.8161404
      4.8161564
      4.8161997
      4.8161902
      4.8161807
      4.8161713
      4.8161558
      4.8161430
      4.8161074
      4.8160720
      4.8160368
      4.8160016
      4.8159472
      4.8158732
      4.8157994
      4.8156811
      4.8155993
      4.8155156
      4.8154322
      4.8153703
      4.8153301
      4.8152901
      4.8152494
      4.8151737
      4.8151440
      4.8151324
      4.8151209
      4.8151094
      4.8151301
      4.8151562
      4.8151636
      4.8151824
      4.8151826
      4.8151829
      4.8152005
      4.8152180
      4.8152143
      4.8151426
      4.8151322
      4.8151436
      4.8151510
      4.8151584
      4.8151598
      4.8151655
      4.8151625
      4.8151617
      4.8151609
      4.8151601
      4.8151414
      4.8151227
      4.8151041
      4.8150856
      4.8150720
      4.8150585
      4.8150618
      4.8150529
      4.8150388
      4.8150247
      4.8149801
      4.8149717
      4.8149676
      4.8149145
      4.8148615
      4.8148087
      4.8147561
      4.8146928
      4.8146241
      4.8145826
      4.8145412
      4.8145000
      4.8145080
      4.8145001
      4.8144923
      4.8144844
      4.8144875
      4.8144907
      4.8144938
      4.8144921
      4.8144836
      4.8144915
      4.8144994
      4.8145066
      4.8144917
      4.8144768
      4.8144620
      4.8144396
      4.8143859
      4.8143232
      4.8142606
      4.8142217
      4.8141963
      4.8141850
      4.8142184
      4.8142440
      4.8142626
      4.8142521
      4.8142706
      4.8142946
      4.8143248
      4.8143550
      4.8143901
      4.8144295
      4.8144736
      4.8145175
      4.8145760
      4.8146343
      4.8146907
      4.8147487
      4.8148065
      4.8148579
      4.8149085
      4.8149404
      4.8149912
      4.8150410
      4.8150848
      4.8151362
      4.8151809
      4.8152368
      4.8152907
      4.8153444
      4.8153980
      4.8154514
      4.8155046
      4.8155586
      4.8156048
      4.8156265
      4.8156337
      4.8156676
      4.8156888
      4.8157081
      4.8156920
      4.8155506
      4.8151944
      4.8148392
      4.8148155
      4.8147920
      4.8148273
      4.8148626
      4.8148977
      4.8149458
      4.8149938
      4.8150207
      4.8150475
      4.8150344
      4.8150213
      4.8150377
      4.8150533
      4.8150643
      4.8150752
      4.8150666
      4.8150547
      4.8150490
      4.8150365
      4.8149942
      4.8149671
      4.8149759
      4.8150021
      4.8150362
      4.8150731
      4.8151100
      4.8151467
      4.8151791
      4.8152184
      4.8152575
      4.8152965
      4.8153484
      4.8153990
      4.8154448
      4.8154800
      4.8155125
      4.8155461
      4.8155762
      4.8156016
      4.8156034
      4.8156039
      4.8156043
      4.8156047
      4.8156051
      4.8155843
      4.8155636
      4.8155704
      4.8155757
      4.8155944
      4.8156236
      4.8156527
      4.8156817
      4.8157089
      4.8157360
      4.8157393
      4.8157427
      4.8157460
      4.8157732
      4.8158003
      4.8157821
      4.8157639
      4.8157925
      4.8158210
      4.8158536
      4.8158855
      4.8159282
      4.8159087
      4.8159388
      4.8159688
      4.8160030
      4.8160451
      4.8160907
      4.8161362
      4.8161814
      4.8162289
      4.8162537
      4.8162749
      4.8162849
      4.8162949
      4.8162851
      4.8162843
      4.8162906
      4.8163094
      4.8163459
      4.8163829
      4.8164197
      4.8164519
      4.8164736
      4.8165201
      4.8165663
      4.8166041
      4.8166392
      4.8166601
      4.8166797
      4.8166992
      4.8167373
      4.8167764
      4.8168149
      4.8168393
      4.8163408
      4.8161411
      4.8159418
      4.8159790
      4.8160160
      4.8160172
      4.8160184
      4.8160196
      4.8160485
      4.8160826
      4.8161165
      4.8161509
      4.8161853
      4.8162238
      4.8162699
      4.8163153
      4.8163458
      4.8163763
      4.8164094
      4.8164444
      4.8164792
      4.8165140
      4.8165486
      4.8165832
      4.8166169
      4.8166559
      4.8166720
      4.8166881
      4.8167108
      4.8167461
      4.8167813
      4.8167994
      4.8168175
      4.8168486
      4.8168797
      4.8169042
      4.8169286
      4.8169527
      4.8169624
      4.8169721
      4.8169817
      4.8169861
      4.8169681
      4.8169351
      4.8169324
      4.8169297
      4.8169270
      4.8169374
      4.8169401
      4.8169428
      4.8169456
      4.8169526
      4.8169597
      4.8169668
      4.8169539
      4.8169426
      4.8169366
      4.8169179
      4.8169090
      4.8168985
      4.8168952
      4.8168918
      4.8168998
      4.8169127
      4.8169256
      4.8169351
      4.8169445
      4.8169591
      4.8169736
      4.8169936
      4.8169925
      4.8170081
      4.8170145
      4.8169977
      4.8169942
      4.8170243
      4.8170544
      4.8170837
      4.8171130
      4.8171422
      4.8171714
      4.8172005
      4.8172295
      4.8172589
      4.8172864
      4.8173160
      4.8173419
      4.8173646
      4.8173873
      4.8174100
      4.8174238
      4.8174377
      4.8174561
      4.8174818
      4.8175103
      4.8175388
      4.8175425
      4.8175657
      4.8175888
      4.8176119
      4.8176261
      4.8176319
      4.8176459
      4.8176599
      4.8176566
      4.8176445
      4.8176324
      4.8176204
      4.8175903
      4.8175556
      4.8175369
      4.8175183
      4.8174996
      4.8174776
      4.8174544
      4.8174252
      4.8173961
      4.8173671
      4.8173558
      4.8173446
      4.8173333
      4.8173221
      4.8173315
      4.8173403
      4.8173525
      4.8173646
      4.8173752
      4.8173858
      4.8173981
      4.8173923
      4.8173865
      4.8166618
      4.8117380
      4.8116957
      4.8116666
      4.8116376
      4.8115711
      4.8113949
      4.8114181
      4.8114489
      4.8114876
      4.8115221
      4.8115531
      4.8115859
      4.8116221
      4.8116474
      4.8116776
      4.8117120
      4.8117286
      4.8117247
      4.8117137
      4.8117027
      4.8116918
      4.8116809
      4.8116700
      4.8116540
      4.8116446
      4.8116731
      4.8117015
      4.8117299
      4.8117556
      4.8117890
      4.8118223
      4.8118580
      4.8118925
      4.8119248
      4.8119621
      4.8119935
      4.8120312
      4.8120570
      4.8120828
      4.8120978
      4.8121172
      4.8121429
      4.8121700
      4.8121889
      4.8122254
      4.8122584
      4.8122914
      4.8123243
      4.8123574
      4.8123859
      4.8124068
      4.8124277
      4.8124628
      4.8124624
      4.8124619
      4.8124586
      4.8124826
      4.8125066
      4.8125192
      4.8125318
      4.8125444
      4.8125569
      4.8125694
      4.8125900
      4.8125986
      4.8126071
      4.8126157
      4.8126164
      4.8126197
      4.8126301
      4.8126378
      4.8126455
      4.8126652
      4.8126824
      4.8127027
      4.8127261
      4.8127495
      4.8127775
      4.8127954
      4.8128133
      4.8128391
      4.8128656
      4.8128929
      4.8129203
      4.8129477
      4.8129751
      4.8130024
      4.8130296
      4.8130536
      4.8130775
      4.8131013
      4.8131267
      4.8131437
      4.8131584
      4.8131730
      4.8131864
      4.8131998
      4.8132203
      4.8132325
      4.8132446
      4.8132567
      4.8132771
      4.8132938
      4.8133181
      4.8133402
      4.8133622
      4.8133799
      4.8134028
      4.8134237
      4.8134446
      4.8134654
      4.8134921
      4.8135194
      4.8135277
      4.8135401
      4.8135526
