      Iteration         Energy
              1      1.2523964
              2     0.86698463
              3     0.86588769
              4     0.86447172
              5     0.86462873
              6     0.86363993
              7     0.86134788
              8     0.86484922
              9     0.86154968
             10     0.86227973
             11     0.86142953
             12     0.86148097
             13     0.86045301
             14     0.86144142
             15     0.85974116
             16     0.86208489
             17     0.86308560
             18     0.86132009
             19     0.86179158
             20     0.86012239
             21     0.86108284
             22     0.86180906
             23     0.86095545
             24     0.86120631
             25     0.86211642
             26     0.86173493
             27     0.86023759
             28     0.86098696
             29     0.86147943
             30     0.86119775
             31     0.86180819
             32     0.86237840
             33     0.86226839
             34     0.86115681
             35     0.86075789
             36     0.86189393
             37     0.86074453
             38     0.85963090
             39     0.86048763
             40     0.86101145
             41     0.86151576
             42     0.86125939
             43     0.86190672
             44     0.85991816
             45     0.86333018
             46     0.86170179
             47     0.86196820
             48     0.86150073
             49     0.86013848
             50     0.86161869
             51     0.86145305
             52     0.86062852
             53     0.86110314
             54     0.86012576
             55     0.86073782
             56     0.86181081
             57     0.85986423
             58     0.86047158
             59     0.85912595
             60     0.86086079
             61     0.86050398
             62     0.86214674
             63     0.86184811
             64     0.85993868
             65     0.86018279
             66     0.86156268
             67     0.86075994
             68     0.86138763
             69     0.86072979
             70     0.86224684
             71     0.86104283
             72     0.86078913
             73     0.86072062
             74     0.86012592
             75     0.86218164
             76     0.86088416
             77     0.85938346
             78     0.85976105
             79     0.86122728
             80     0.86119276
             81     0.86265983
             82     0.85972073
             83     0.85992206
             84     0.85969119
             85     0.85998183
             86     0.86077825
             87     0.86061048
             88     0.85971576
             89     0.86142734
             90     0.86087889
             91     0.86152834
             92     0.86299895
             93     0.86062450
             94     0.85999999
             95     0.86030778
             96     0.85955407
             97     0.86161211
             98     0.86154776
             99     0.85984136
            100     0.86064457
            101     0.86148536
            102     0.86183525
            103     0.86131193
            104     0.86066711
            105     0.86211980
            106     0.86030369
            107     0.86082226
            108     0.86110660
            109     0.86043474
            110     0.86225610
            111     0.86121605
            112     0.86063680
            113     0.86182562
            114     0.86187094
            115     0.86195408
            116     0.86070407
            117     0.86035014
            118     0.86216500
            119     0.86119672
            120     0.86040679
            121     0.86059126
            122     0.86214218
            123     0.86120244
            124     0.86122842
            125     0.86171826
            126     0.86080179
            127     0.86278887
            128     0.86096552
            129     0.86071267
            130     0.86081731
            131     0.86181600
            132     0.85989333
            133     0.86207501
            134     0.86135597
            135     0.86213065
            136     0.86107448
            137     0.86134794
            138     0.86163664
            139     0.86165669
            140     0.86150319
            141     0.85776521
            142     0.86100405
            143     0.86215445
            144     0.86112668
            145     0.86246932
            146     0.86139001
            147     0.86193065
            148     0.86148553
            149     0.85995502
            150     0.85957659
            151     0.86095751
            152     0.86172279
            153     0.86067073
            154     0.86103846
            155     0.86164008
            156     0.86089031
            157     0.86077300
            158     0.86162036
            159     0.86031580
            160     0.86191610
            161     0.86165829
            162     0.86311418
            163     0.86040361
            164     0.86308273
            165     0.86233960
            166     0.86133683
            167     0.86210134
            168     0.86064710
            169     0.86005645
            170     0.86139839
            171     0.86310650
            172     0.85955205
            173     0.86083903
            174     0.86180907
            175     0.86118937
            176     0.86085904
            177     0.86128546
            178     0.86095456
            179     0.86245643
            180     0.86068193
            181     0.86252455
            182     0.86121058
            183     0.85982036
            184     0.86279862
            185     0.86219451
            186     0.86003810
            187     0.86235972
            188     0.85983783
            189     0.86165318
            190     0.86324715
            191     0.86125931
            192     0.85999263
            193     0.86017541
            194     0.86059528
            195     0.86232176
            196     0.86117429
            197     0.86134233
            198     0.86264035
            199     0.86121177
            200     0.86154053
            201     0.86020066
            202     0.86340730
            203     0.86016932
            204     0.86227730
            205     0.86218468
            206     0.86046494
            207     0.86143205
            208     0.86165177
            209     0.86103344
            210     0.86160723
            211     0.86207713
            212     0.86298630
            213     0.86104096
            214     0.86120452
            215     0.86078396
            216     0.86082709
            217     0.86346067
            218     0.86254657
            219     0.86249863
            220     0.85987268
            221     0.86049031
            222     0.86133920
            223     0.86088056
            224     0.86007397
            225     0.86247844
            226     0.86072420
            227     0.86195612
            228     0.86152783
            229     0.86241493
            230     0.86223614
            231     0.86211213
            232     0.86099612
            233     0.86204539
            234     0.86197148
            235     0.86112722
            236     0.86026952
            237     0.86031698
            238     0.86087547
            239     0.86117306
            240     0.86169100
            241     0.85958408
            242     0.86127816
            243     0.86202571
            244     0.86048503
            245     0.86123997
            246     0.86210217
            247     0.86131310
            248     0.85920151
            249     0.86108518
            250     0.86130317
            251     0.86167557
            252     0.86120090
            253     0.86097976
            254     0.86035046
            255     0.86055365
            256     0.86218830
            257     0.86151438
            258     0.86211925
            259     0.86098113
            260     0.86097401
            261     0.86197006
            262     0.86052472
            263     0.85972319
            264     0.86173914
            265     0.86121264
            266     0.86069073
            267     0.85990495
            268     0.86031813
            269     0.86255920
            270     0.86139732
            271     0.86142165
            272     0.86165354
            273     0.86323479
            274     0.86026654
            275     0.86042907
            276     0.86145300
            277     0.86191879
            278     0.86038812
            279     0.86130384
            280     0.86169194
            281     0.86063216
            282     0.86266674
            283     0.86009107
            284     0.86264127
            285     0.86172909
            286     0.86351439
            287     0.86133206
            288     0.86167793
            289     0.86038078
            290     0.86065129
            291     0.86117576
            292     0.86315624
            293     0.86088079
            294     0.86060447
            295     0.86088523
            296     0.86057926
            297     0.86168828
            298     0.86193030
            299     0.86096591
            300     0.85981234
            301     0.86162193
            302     0.86215366
            303     0.86278961
            304     0.86178788
            305     0.85966941
            306     0.86132404
            307     0.86028766
            308     0.86037674
            309     0.86044329
            310     0.86093723
            311     0.86066900
            312     0.85985015
            313     0.86281170
            314     0.86165619
            315     0.86222657
            316     0.86204507
            317     0.86184775
            318     0.86027571
            319     0.85986124
            320     0.86085953
            321     0.86021757
            322     0.86006445
            323     0.86167224
            324     0.86118614
            325     0.86204798
            326     0.86039624
            327     0.86148022
            328     0.86142795
            329     0.86202702
            330     0.86066132
            331     0.86132962
            332     0.86100867
            333     0.86219625
            334     0.86105314
            335     0.86070316
            336     0.86223703
            337     0.86077769
            338     0.86159314
            339     0.86258405
            340     0.86111600
            341     0.86080744
            342     0.86242772
            343     0.86131322
            344     0.86025066
            345     0.86153511
            346     0.86127675
            347     0.86093820
            348     0.86283433
            349     0.86180377
            350     0.86078832
            351     0.86321792
            352     0.86383635
            353     0.86138400
            354     0.86141216
            355     0.86014395
            356     0.86080930
            357     0.86305396
            358     0.85918182
            359     0.86181885
            360     0.86199066
            361     0.85988622
            362     0.86170676
            363     0.86249234
            364     0.86210027
            365     0.86076492
            366     0.86012554
            367     0.86057318
            368     0.86123827
            369     0.86093728
            370     0.86301158
            371     0.85963001
            372     0.86219475
            373     0.86166810
            374     0.86007172
            375     0.86118830
            376     0.86122927
            377     0.86199629
            378     0.86043973
            379     0.86050470
            380     0.86108012
            381     0.86108363
            382     0.85975285
            383     0.86161771
            384     0.86205570
            385     0.86283716
            386     0.86069793
            387     0.86112790
            388     0.86059078
            389     0.86140589
            390     0.86016186
            391     0.86147557
            392     0.86278121
            393     0.86143812
            394     0.86291095
            395     0.86180660
            396     0.86095228
            397     0.86282641
            398     0.86087468
            399     0.86001913
            400     0.86002948
            401     0.86039117
            402     0.86247019
            403     0.86141046
            404     0.86101467
            405     0.86205163
            406     0.86216676
            407     0.86029133
            408     0.86124606
            409     0.86123529
            410     0.86268978
            411     0.86258676
            412     0.86149813
            413     0.86201702
            414     0.86159980
            415     0.86111629
            416     0.86157253
            417     0.86095415
            418     0.86334220
            419     0.86253309
            420     0.86140544
            421     0.86219321
            422     0.86066484
            423     0.86174322
            424     0.86028895
            425     0.86099428
            426     0.86024829
            427     0.86096932
            428     0.86177658
            429     0.86214883
            430     0.86161354
            431     0.86150714
            432     0.86115902
            433     0.86319750
            434     0.86275337
            435     0.86212912
            436     0.85982438
            437     0.86077609
            438     0.86040461
            439     0.86169181
            440     0.86020664
            441     0.86142723
            442     0.86041808
            443     0.85976847
            444     0.86244549
            445     0.86055079
            446     0.86101739
            447     0.86065403
            448     0.86095125
            449     0.86224609
            450     0.86139362
            451     0.86239218
            452     0.86085596
            453     0.85967914
            454     0.86203219
            455     0.86212599
            456     0.85983810
            457     0.86122096
            458     0.86143969
            459     0.86104671
            460     0.86020311
            461     0.86142382
            462     0.86139508
            463     0.86053773
            464     0.86168426
            465     0.86085098
            466     0.86135953
            467     0.85999817
            468     0.86170329
            469     0.86315458
            470     0.86219955
            471     0.86314189
            472     0.86255509
            473     0.86090541
            474     0.86177049
            475     0.86264668
            476     0.86079532
            477     0.86186842
            478     0.86137709
            479     0.85984332
            480     0.86130154
            481     0.86201685
            482     0.86031625
            483     0.86062605
            484     0.86058682
            485     0.86265386
            486     0.86090152
            487     0.85882580
            488     0.86073368
            489     0.86091697
            490     0.86030419
            491     0.86089113
            492     0.86075920
            493     0.86125282
            494     0.86021013
            495     0.85988633
            496     0.86065536
            497     0.86221657
            498     0.86107081
            499     0.86119562
            500     0.86030427
