      Iteration         Energy
              1      3.8115984
              2      3.7555173
              3      3.7141701
              4      3.6789521
              5      3.6637143
              6      3.6445880
              7      3.6427821
              8      3.6234728
              9      3.6217448
             10      3.6110448
             11      3.6136331
             12      3.6069895
             13      3.6057611
             14      3.5780310
             15      3.5876690
             16      3.5893535
             17      3.5888039
             18      3.5858122
             19      3.5670079
             20      3.5705763
             21      3.5602364
             22      3.5611508
             23      3.5698322
             24      3.5560667
             25      3.5469494
             26      3.5493985
             27      3.5379160
             28      3.5406534
             29      3.5424256
             30      3.5464037
             31      3.5370948
             32      3.5301959
             33      3.5359267
             34      3.5205017
             35      3.5349585
             36      3.5188514
             37      3.5285670
             38      3.5200987
             39      3.5342004
             40      3.5259272
             41      3.5111068
             42      3.5135933
             43      3.5145845
             44      3.5025763
             45      3.5084515
             46      3.5064099
             47      3.5005685
             48      3.4994783
             49      3.5022405
             50      3.5038776
             51      3.5093943
             52      3.5029167
             53      3.5004729
             54      3.4949156
             55      3.5011246
             56      3.4905728
             57      3.4877949
             58      3.4931277
             59      3.4973659
             60      3.4788682
             61      3.4909686
             62      3.4810766
             63      3.4843404
             64      3.4774060
             65      3.4840752
             66      3.4848379
             67      3.4839439
             68      3.4746934
             69      3.4781992
             70      3.4663789
             71      3.4808526
             72      3.4704947
             73      3.4763842
             74      3.4740182
             75      3.4756861
             76      3.4827097
             77      3.4657222
             78      3.4690926
             79      3.4607929
             80      3.4903203
             81      3.4739957
             82      3.4706714
             83      3.4735096
             84      3.4727199
             85      3.4543971
             86      3.4607794
             87      3.4557171
             88      3.4616361
             89      3.4563830
             90      3.4583601
             91      3.4527681
             92      3.4622616
             93      3.4606822
             94      3.4497109
             95      3.4538759
             96      3.4483799
             97      3.4560333
             98      3.4562124
             99      3.4508583
            100      3.4535465
            101      3.4491228
            102      3.4425067
            103      3.4455609
            104      3.4550123
            105      3.4475473
            106      3.4502740
            107      3.4452314
            108      3.4495494
            109      3.4502835
            110      3.4472881
            111      3.4433181
            112      3.4396116
            113      3.4371225
            114      3.4441068
            115      3.4431278
            116      3.4387630
            117      3.4433818
            118      3.4398436
            119      3.4405901
            120      3.4538095
            121      3.4487490
            122      3.4392457
            123      3.4491886
            124      3.4493702
            125      3.4431408
            126      3.4377080
            127      3.4339184
            128      3.4230506
            129      3.4335112
            130      3.4454799
            131      3.4361201
            132      3.4486239
            133      3.4336358
            134      3.4390844
            135      3.4321426
            136      3.4343997
            137      3.4312952
            138      3.4335629
            139      3.4197312
            140      3.4308554
            141      3.4341469
            142      3.4262851
            143      3.4331556
            144      3.4212717
            145      3.4231680
            146      3.4237510
            147      3.4201088
            148      3.4235788
            149      3.4203688
            150      3.4252614
            151      3.4189252
            152      3.4297812
            153      3.4305491
            154      3.4186593
            155      3.4208400
            156      3.4298290
            157      3.4303775
            158      3.4337350
            159      3.4260982
            160      3.4267375
            161      3.4230055
            162      3.4257338
            163      3.4228284
            164      3.4142130
            165      3.4230657
            166      3.4189964
            167      3.4183872
            168      3.4276083
            169      3.4250743
            170      3.4157538
            171      3.4215698
            172      3.4200112
            173      3.4223412
            174      3.4150753
            175      3.4164444
            176      3.4144397
            177      3.4166664
            178      3.4197208
            179      3.4177975
            180      3.4143153
            181      3.4113746
            182      3.4134549
            183      3.4117933
            184      3.4157260
            185      3.4226892
            186      3.4190592
            187      3.4188191
            188      3.4140466
            189      3.4184820
            190      3.4156363
            191      3.4283019
            192      3.4170101
            193      3.4126450
            194      3.4143116
            195      3.4173928
            196      3.4211822
            197      3.4148326
            198      3.4127351
            199      3.4179403
            200      3.4140998
            201      3.4202818
            202      3.4099836
            203      3.4159913
            204      3.4119360
            205      3.4096934
            206      3.4160364
            207      3.4125814
            208      3.4078702
            209      3.4055006
            210      3.4154059
            211      3.4157704
            212      3.4081410
            213      3.4258390
            214      3.4058373
            215      3.4036106
            216      3.4124854
            217      3.4117147
            218      3.4427504
            219      3.4291016
            220      3.4103518
            221      3.4045676
            222      3.4166307
            223      3.4214588
            224      3.4046935
            225      3.4041987
            226      3.4023933
            227      3.4065672
            228      3.4256898
            229      3.4155780
            230      3.3997675
            231      3.4088821
            232      3.4016388
            233      3.4042036
            234      3.4084835
            235      3.4133136
            236      3.4156716
            237      3.4073317
            238      3.4228428
            239      3.4116341
            240      3.4131896
            241      3.4052513
            242      3.4055469
            243      3.4043776
            244      3.4095462
            245      3.4095849
            246      3.4015451
            247      3.4057738
            248      3.4080401
            249      3.4113790
            250      3.3979959
            251      3.4126405
            252      3.4050410
            253      3.4102304
            254      3.4028174
            255      3.4012631
            256      3.4173822
            257      3.3962983
            258      3.3983723
            259      3.4007244
            260      3.4049186
            261      3.4023431
            262      3.4017549
            263      3.4024544
            264      3.4031862
            265      3.4042330
            266      3.4023794
            267      3.4022605
            268      3.3941708
            269      3.3943711
            270      3.4053857
            271      3.4006478
            272      3.4020805
            273      3.4061154
            274      3.4026604
            275      3.3985161
            276      3.4030506
            277      3.3987380
            278      3.4048309
            279      3.4066754
            280      3.4031300
            281      3.4085014
            282      3.3970697
            283      3.4030856
            284      3.3951951
            285      3.4081907
            286      3.3966892
            287      3.4052130
            288      3.4150719
            289      3.3979676
            290      3.4089283
            291      3.4005739
            292      3.3992337
            293      3.4018130
            294      3.4001186
            295      3.4042397
            296      3.4033296
            297      3.3975665
            298      3.4021617
            299      3.4060212
            300      3.4057160
            301      3.3979508
            302      3.4014050
            303      3.4028029
            304      3.3957608
            305      3.3932749
            306      3.3942040
            307      3.4102081
            308      3.4021810
            309      3.3921770
            310      3.4077606
            311      3.4037965
            312      3.3940980
            313      3.3882537
            314      3.3967820
            315      3.3956149
            316      3.4046051
            317      3.3948439
            318      3.4032388
            319      3.3976954
            320      3.3964743
            321      3.4163669
            322      3.4065441
            323      3.4005737
            324      3.4003608
            325      3.3973333
            326      3.3984575
            327      3.3958105
            328      3.3948340
            329      3.3961458
            330      3.4033174
            331      3.4015112
            332      3.3951906
            333      3.3857797
            334      3.3992172
            335      3.3992910
            336      3.4059121
            337      3.3922317
            338      3.4060944
            339      3.3920324
            340      3.3950585
            341      3.3871624
            342      3.3936228
            343      3.3948759
            344      3.3986005
            345      3.3939529
            346      3.3977143
            347      3.3985997
            348      3.3866077
            349      3.3970810
            350      3.4040145
            351      3.3912951
            352      3.4010514
            353      3.3853570
            354      3.3966721
            355      3.3921051
            356      3.3990128
            357      3.3903614
            358      3.4079728
            359      3.3955285
            360      3.3951209
            361      3.3978711
            362      3.3983654
            363      3.3922068
            364      3.3960757
            365      3.4013962
            366      3.3913765
            367      3.3873063
            368      3.3951039
            369      3.3919557
            370      3.3892082
            371      3.3910196
            372      3.4013157
            373      3.4062067
            374      3.3975238
            375      3.3928227
            376      3.3989385
            377      3.3931950
            378      3.3892302
            379      3.3923402
            380      3.3980318
            381      3.3917845
            382      3.3874175
            383      3.3896985
            384      3.3924844
            385      3.3961635
            386      3.3927106
            387      3.3978851
            388      3.3889188
            389      3.3924539
            390      3.4025018
            391      3.4015104
            392      3.3983059
            393      3.3935677
            394      3.3865376
            395      3.3886446
            396      3.3949959
            397      3.3878061
            398      3.3961193
            399      3.3995267
            400      3.3950404
            401      3.3911689
            402      3.3946385
            403      3.3974072
            404      3.3933157
            405      3.3990809
            406      3.3987549
            407      3.3960634
            408      3.3968801
            409      3.3906381
            410      3.3902645
            411      3.3963653
            412      3.3905190
            413      3.3871575
            414      3.3907960
            415      3.3827105
            416      3.3986515
            417      3.3917648
            418      3.3968135
            419      3.3897694
            420      3.3910359
            421      3.3956183
            422      3.4062652
            423      3.3937732
            424      3.3934689
            425      3.3922807
            426      3.3858116
            427      3.3953233
            428      3.3971247
            429      3.3912902
            430      3.3960958
            431      3.4025241
            432      3.3967203
            433      3.3939634
            434      3.3982368
            435      3.3868620
            436      3.3901465
            437      3.3938525
            438      3.3926188
            439      3.4023484
            440      3.3987064
            441      3.3844908
            442      3.3818494
            443      3.3915016
            444      3.3938599
            445      3.3893698
            446      3.3868110
            447      3.3878423
            448      3.3974575
            449      3.4015834
            450      3.3957375
            451      3.3818349
            452      3.3933505
            453      3.3895029
            454      3.3890730
            455      3.4002227
            456      3.3882407
            457      3.3875881
            458      3.3974880
            459      3.3802335
            460      3.4002886
            461      3.3885007
            462      3.3949186
            463      3.3942810
            464      3.3971437
            465      3.3903958
            466      3.3939855
            467      3.4010010
            468      3.3881750
            469      3.3996712
            470      3.3874625
            471      3.3830331
            472      3.3954218
            473      3.3888361
            474      3.3924650
            475      3.3913068
            476      3.3972057
            477      3.3915315
            478      3.3964337
            479      3.3947491
            480      3.3894359
            481      3.4033795
            482      3.3944363
            483      3.3926212
            484      3.3893192
            485      3.3883389
            486      3.3884743
            487      3.3922832
            488      3.3992716
            489      3.3861393
            490      3.3935245
            491      3.3824942
            492      3.3882007
            493      3.3898513
            494      3.3826322
            495      3.3942556
            496      3.3869617
            497      3.3895476
            498      3.3869160
            499      3.3885954
            500      3.3836045
