      Iteration         Energy
              1      3.7082576
              2      3.6451929
              3      3.6208311
              4      3.5932442
              5      3.5724118
              6      3.5663092
              7      3.5766848
              8      3.5514309
              9      3.5434181
             10      3.5444598
             11      3.5249865
             12      3.5280620
             13      3.5312555
             14      3.5265414
             15      3.5157295
             16      3.5167900
             17      3.5123858
             18      3.5092878
             19      3.4969091
             20      3.4974308
             21      3.5021674
             22      3.4947996
             23      3.4959487
             24      3.4864879
             25      3.4870957
             26      3.4819187
             27      3.4804220
             28      3.4817458
             29      3.4751879
             30      3.4773545
             31      3.4714964
             32      3.4772472
             33      3.4923483
             34      3.4599687
             35      3.4643472
             36      3.4636158
             37      3.4569991
             38      3.4562013
             39      3.4554706
             40      3.4561764
             41      3.4594737
             42      3.4596950
             43      3.4529879
             44      3.4512452
             45      3.4488094
             46      3.4625746
             47      3.4411246
             48      3.4506009
             49      3.4391466
             50      3.4373883
             51      3.4475236
             52      3.4442682
             53      3.4388963
             54      3.4494466
             55      3.4439996
             56      3.4348712
             57      3.4331925
             58      3.4396387
             59      3.4290618
             60      3.4459502
             61      3.4332216
             62      3.4238637
             63      3.4261447
             64      3.4322202
             65      3.4259498
             66      3.4219413
             67      3.4246817
             68      3.4228170
             69      3.4265328
             70      3.4285126
             71      3.4264333
             72      3.4145703
             73      3.4219895
             74      3.4230550
             75      3.4256158
             76      3.4142254
             77      3.4277791
             78      3.4167286
             79      3.4087738
             80      3.4203038
             81      3.4141003
             82      3.4201898
             83      3.4137958
             84      3.4125957
             85      3.4224155
             86      3.4186677
             87      3.4152804
             88      3.4141890
             89      3.4056589
             90      3.4193682
             91      3.4058904
             92      3.4215920
             93      3.4085764
             94      3.4057079
             95      3.4009433
             96      3.4125656
             97      3.4085564
             98      3.4119814
             99      3.4102134
            100      3.4077477
            101      3.4058408
            102      3.4015541
            103      3.4065025
            104      3.4067895
            105      3.4035431
            106      3.4055106
            107      3.4033231
            108      3.4056016
            109      3.4000509
            110      3.3984202
            111      3.4121996
            112      3.3982487
            113      3.4035350
            114      3.3988114
            115      3.4015712
            116      3.3985618
            117      3.4019806
            118      3.4148059
            119      3.4098666
            120      3.3969802
            121      3.4071470
            122      3.4063049
            123      3.4022212
            124      3.3989893
            125      3.4107146
            126      3.4020801
            127      3.4036684
            128      3.4107376
            129      3.3985379
            130      3.3886939
            131      3.4069337
            132      3.3938914
            133      3.4018031
            134      3.4008062
            135      3.4023191
            136      3.3958601
            137      3.3970803
            138      3.4054885
            139      3.3994746
            140      3.3932468
            141      3.3908104
            142      3.3925703
            143      3.4006272
            144      3.3930232
            145      3.3984289
            146      3.3983524
            147      3.3996653
            148      3.3888799
            149      3.3938691
            150      3.3936096
            151      3.3996386
            152      3.3978961
            153      3.3925744
            154      3.3899700
            155      3.3915621
            156      3.4001719
            157      3.4012791
            158      3.3881334
            159      3.4028997
            160      3.4024898
            161      3.3968645
            162      3.4006054
            163      3.3952047
            164      3.3946012
            165      3.3906590
            166      3.3965039
            167      3.3936309
            168      3.3999486
            169      3.3870712
            170      3.3904486
            171      3.3983332
            172      3.3941553
            173      3.3941503
            174      3.3977869
            175      3.3953587
            176      3.3915730
            177      3.3953554
            178      3.3951120
            179      3.3919423
            180      3.3916838
            181      3.3988223
            182      3.4017237
            183      3.3913615
            184      3.3913838
            185      3.3993346
            186      3.3945755
            187      3.4013505
            188      3.3863493
            189      3.3915030
            190      3.3877453
            191      3.3885121
            192      3.3870204
            193      3.3873200
            194      3.3960798
            195      3.3912501
            196      3.3851878
            197      3.4049379
            198      3.3902035
            199      3.3909285
            200      3.3954046
            201      3.4065972
            202      3.3896931
            203      3.3892798
            204      3.3977700
            205      3.3877217
            206      3.3889843
            207      3.3935714
            208      3.3939730
            209      3.3898906
            210      3.3891292
            211      3.3863836
            212      3.3926667
            213      3.3992244
            214      3.3961939
            215      3.3918270
            216      3.3851862
            217      3.3861437
            218      3.3908236
            219      3.3879677
            220      3.4050425
            221      3.3890178
            222      3.3847742
            223      3.3832686
            224      3.3890669
            225      3.3898791
            226      3.3886357
            227      3.3931971
            228      3.4003007
            229      3.3910849
            230      3.3832326
            231      3.3894347
            232      3.3900299
            233      3.3859355
            234      3.3852512
            235      3.3892084
            236      3.3910834
            237      3.3895877
            238      3.3877478
            239      3.3854014
            240      3.3919385
            241      3.3901986
            242      3.3874964
            243      3.3907710
            244      3.3936357
            245      3.4031936
            246      3.3960823
            247      3.3800668
            248      3.3834308
            249      3.3854920
            250      3.3904312
            251      3.3838902
            252      3.3870514
            253      3.3948904
            254      3.3934965
            255      3.3922904
            256      3.3936524
            257      3.3997866
            258      3.3927253
            259      3.3960428
            260      3.3918987
            261      3.3846368
            262      3.4006552
            263      3.4009601
            264      3.3941381
            265      3.3901242
            266      3.3877201
            267      3.3941668
            268      3.3978096
            269      3.3943387
            270      3.3864042
            271      3.3963195
            272      3.3749257
            273      3.3908104
            274      3.3927019
            275      3.3874495
            276      3.3843599
            277      3.3843783
            278      3.3882135
            279      3.3911636
            280      3.3806007
            281      3.3875570
            282      3.3900236
            283      3.3886476
            284      3.3906115
            285      3.3860971
            286      3.3843215
            287      3.3902417
            288      3.3839229
            289      3.3889367
            290      3.3876393
            291      3.3801077
            292      3.3828827
            293      3.3846280
            294      3.3875237
            295      3.3933033
            296      3.3787527
            297      3.3962286
            298      3.3851974
            299      3.3932944
            300      3.3854934
            301      3.3850069
            302      3.3956921
            303      3.3827425
            304      3.3900308
            305      3.3871064
            306      3.3835909
            307      3.3890066
            308      3.3809917
            309      3.3947736
            310      3.3946634
            311      3.3858955
            312      3.3927027
            313      3.3884110
            314      3.3898719
            315      3.3883928
            316      3.4014157
            317      3.3820302
            318      3.3891834
            319      3.3897276
            320      3.3875406
            321      3.3903832
            322      3.3919059
            323      3.3843742
            324      3.3983147
            325      3.3847387
            326      3.3795155
            327      3.3886548
            328      3.3890307
            329      3.3935022
            330      3.3912894
            331      3.3892311
            332      3.3826960
            333      3.3817022
            334      3.3907339
            335      3.3865284
            336      3.3887388
            337      3.3889999
            338      3.3824779
            339      3.3896967
            340      3.3951227
            341      3.3886285
            342      3.3857606
            343      3.3872957
            344      3.3859720
            345      3.3880522
            346      3.3913320
            347      3.3917584
            348      3.3816808
            349      3.3875781
            350      3.3884683
            351      3.3868711
            352      3.3997545
            353      3.3899575
            354      3.3788531
            355      3.3807604
            356      3.3825907
            357      3.3941705
            358      3.3796332
            359      3.3934651
            360      3.3946593
            361      3.3890525
            362      3.3902691
            363      3.3889320
            364      3.3875966
            365      3.3876751
            366      3.3883551
            367      3.3808027
            368      3.3925349
            369      3.3904096
            370      3.3961904
            371      3.3961975
            372      3.3888917
            373      3.3865974
            374      3.3867425
            375      3.3788833
            376      3.3910116
            377      3.3829969
            378      3.3837483
            379      3.3832531
            380      3.3890434
            381      3.3853931
            382      3.3869599
            383      3.3913524
            384      3.3828275
            385      3.3816336
            386      3.3886305
            387      3.3938991
            388      3.3888385
            389      3.3804511
            390      3.3806146
            391      3.3842442
            392      3.3823193
            393      3.3811136
            394      3.3832037
            395      3.3896965
            396      3.3872883
            397      3.3819970
            398      3.3846545
            399      3.3822767
            400      3.3906379
            401      3.3882853
            402      3.3808494
            403      3.3870111
            404      3.3851115
            405      3.3793739
            406      3.3872656
            407      3.3869557
            408      3.3951304
            409      3.3812382
            410      3.3801897
            411      3.3824780
            412      3.3854730
            413      3.3928176
            414      3.3898116
            415      3.3867646
            416      3.3836515
            417      3.3820825
            418      3.3920373
            419      3.3826840
            420      3.3837467
            421      3.3832769
            422      3.3891144
            423      3.3913348
            424      3.3804149
            425      3.3814555
            426      3.3954426
            427      3.3877149
            428      3.3976733
            429      3.3800023
            430      3.3805085
            431      3.3917112
            432      3.3843738
            433      3.3881128
            434      3.3928746
            435      3.3868450
            436      3.3868514
            437      3.4003347
            438      3.3993417
            439      3.3831169
            440      3.3820616
            441      3.3868150
            442      3.3906627
            443      3.3938154
            444      3.3864069
            445      3.3738120
            446      3.3941880
            447      3.3847950
            448      3.3907561
            449      3.3859939
            450      3.3857486
            451      3.3910460
            452      3.3909478
            453      3.3845661
            454      3.3852015
            455      3.3921442
            456      3.3886051
            457      3.3964251
            458      3.3972369
            459      3.3776931
            460      3.3811476
            461      3.3906769
            462      3.3896491
            463      3.3820917
            464      3.3859468
            465      3.3824431
            466      3.3776487
            467      3.3874145
            468      3.3845626
            469      3.3831382
            470      3.3923096
            471      3.3885753
            472      3.3952758
            473      3.3964319
            474      3.3886722
            475      3.3856512
            476      3.3893528
            477      3.3827183
            478      3.3915376
            479      3.3931077
            480      3.3902320
            481      3.3900477
            482      3.4064964
            483      3.3786448
            484      3.3856468
            485      3.3806348
            486      3.3873150
            487      3.3872126
            488      3.3970432
            489      3.3733224
            490      3.3934158
            491      3.3965662
            492      3.3768295
            493      3.3902197
            494      3.3947895
            495      3.3840451
            496      3.3916136
            497      3.3867682
            498      3.3835627
            499      3.3845126
            500      3.3884833
