      Iteration         Energy
              1     0.94088026
              2     0.56102400
              3     0.55469038
              4     0.55305518
              5     0.54863541
              6     0.54535671
              7     0.54643243
              8     0.54148969
              9     0.54268540
             10     0.53929455
             11     0.53707270
             12     0.53464598
             13     0.53392075
             14     0.53250513
             15     0.53189466
             16     0.53074791
             17     0.53004259
             18     0.52668115
             19     0.53026800
             20     0.52628097
             21     0.52709242
             22     0.52482591
             23     0.52432352
             24     0.52368429
             25     0.52171885
             26     0.52121706
             27     0.52340985
             28     0.52249239
             29     0.52056367
             30     0.51939465
             31     0.52042890
             32     0.51826964
             33     0.51876156
             34     0.51849179
             35     0.51741452
             36     0.51731815
             37     0.51659392
             38     0.51735638
             39     0.51524001
             40     0.51746905
             41     0.51573809
             42     0.51463330
             43     0.51542952
             44     0.51523648
             45     0.51435316
             46     0.51466137
             47     0.51305426
             48     0.51422580
             49     0.51315071
             50     0.51265800
             51     0.51251908
             52     0.51221278
             53     0.51139751
             54     0.51176323
             55     0.51144193
             56     0.51111359
             57     0.51101400
             58     0.51151295
             59     0.51053571
             60     0.51116175
             61     0.50995473
             62     0.51024105
             63     0.51016458
             64     0.51007817
             65     0.50900878
             66     0.50967059
             67     0.50964341
             68     0.50852576
             69     0.50885425
             70     0.50948464
             71     0.50943147
             72     0.50757442
             73     0.50872397
             74     0.50822631
             75     0.50946114
             76     0.50839057
             77     0.50835630
             78     0.50816607
             79     0.50763710
             80     0.50807159
             81     0.50794276
             82     0.50786281
             83     0.50787553
             84     0.50734390
             85     0.50731522
             86     0.50709126
             87     0.50715182
             88     0.50720845
             89     0.50672610
             90     0.50692771
             91     0.50682289
             92     0.50673585
             93     0.50678400
             94     0.50675913
             95     0.50654512
             96     0.50641397
             97     0.50714918
             98     0.50656726
             99     0.50647963
            100     0.50679399
            101     0.50537765
            102     0.50597789
            103     0.50526023
            104     0.50551497
            105     0.50585089
            106     0.50544948
            107     0.50543695
            108     0.50589619
            109     0.50557788
            110     0.50585483
            111     0.50565863
            112     0.50521489
            113     0.50506400
            114     0.50500717
            115     0.50470187
            116     0.50508591
            117     0.50531173
            118     0.50493223
            119     0.50477888
            120     0.50461704
            121     0.50504920
            122     0.50470109
            123     0.50517619
            124     0.50480004
            125     0.50506218
            126     0.50470898
            127     0.50411088
            128     0.50518312
            129     0.50455357
            130     0.50465864
            131     0.50436048
            132     0.50406127
            133     0.50375801
            134     0.50402788
            135     0.50393430
            136     0.50378217
            137     0.50416963
            138     0.50402210
            139     0.50372227
            140     0.50447130
            141     0.50354111
            142     0.50404717
            143     0.50384248
            144     0.50369540
            145     0.50384571
            146     0.50410539
            147     0.50380048
            148     0.50376893
            149     0.50377459
            150     0.50348365
            151     0.50393399
            152     0.50356088
            153     0.50331717
            154     0.50364656
            155     0.50397360
            156     0.50381263
            157     0.50341741
            158     0.50359751
            159     0.50342972
            160     0.50312732
            161     0.50344488
            162     0.50350389
            163     0.50387518
            164     0.50310112
            165     0.50363107
            166     0.50307349
            167     0.50318195
            168     0.50306334
            169     0.50318723
            170     0.50301201
            171     0.50285127
            172     0.50292876
            173     0.50324580
            174     0.50281182
            175     0.50283315
            176     0.50338299
            177     0.50209244
            178     0.50293906
            179     0.50292787
            180     0.50300385
            181     0.50328747
            182     0.50267779
            183     0.50278113
            184     0.50305163
            185     0.50282372
            186     0.50248139
            187     0.50258081
            188     0.50308433
            189     0.50283313
            190     0.50329864
            191     0.50224928
            192     0.50240554
            193     0.50259735
            194     0.50268376
            195     0.50260887
            196     0.50252566
            197     0.50252813
            198     0.50245747
            199     0.50249886
            200     0.50225787
            201     0.50253665
            202     0.50239171
            203     0.50213092
            204     0.50244372
            205     0.50249331
            206     0.50185507
            207     0.50198657
            208     0.50230877
            209     0.50242508
            210     0.50234904
            211     0.50230397
            212     0.50199535
            213     0.50251729
            214     0.50222882
            215     0.50223770
            216     0.50252007
            217     0.50169789
            218     0.50249048
            219     0.50227023
            220     0.50218254
            221     0.50187764
            222     0.50206531
            223     0.50224082
            224     0.50226645
            225     0.50234872
            226     0.50240673
            227     0.50220963
            228     0.50245491
            229     0.50180392
            230     0.50175096
            231     0.50212733
            232     0.50240311
            233     0.50215544
            234     0.50179898
            235     0.50182190
            236     0.50193838
            237     0.50198121
            238     0.50188397
            239     0.50179812
            240     0.50161476
            241     0.50175215
            242     0.50204315
            243     0.50171792
            244     0.50221977
            245     0.50203904
            246     0.50197902
            247     0.50193013
            248     0.50144323
            249     0.50189277
            250     0.50195872
            251     0.50196777
            252     0.50149980
            253     0.50192839
            254     0.50169580
            255     0.50169013
            256     0.50171354
            257     0.50175130
            258     0.50159626
            259     0.50187466
            260     0.50136816
            261     0.50176579
            262     0.50175782
            263     0.50169539
            264     0.50214883
            265     0.50182944
            266     0.50193873
            267     0.50173013
            268     0.50159538
            269     0.50130902
            270     0.50157146
            271     0.50176062
            272     0.50151617
            273     0.50178146
            274     0.50173672
            275     0.50126578
            276     0.50201894
            277     0.50163012
            278     0.50177874
            279     0.50157677
            280     0.50124985
            281     0.50153227
            282     0.50155066
            283     0.50151189
            284     0.50170786
            285     0.50146094
            286     0.50109077
            287     0.50128937
            288     0.50151144
            289     0.50157990
            290     0.50132140
            291     0.50119710
            292     0.50098255
            293     0.50181493
            294     0.50143121
            295     0.50122791
            296     0.50165462
            297     0.50133459
            298     0.50124597
            299     0.50135077
            300     0.50126976
            301     0.50125760
            302     0.50137524
            303     0.50115102
            304     0.50144909
            305     0.50109569
            306     0.50173114
            307     0.50145392
            308     0.50157476
            309     0.50129240
            310     0.50138904
            311     0.50099313
            312     0.50088623
            313     0.50130107
            314     0.50150507
            315     0.50138966
            316     0.50148730
            317     0.50130064
            318     0.50103224
            319     0.50119340
            320     0.50124951
            321     0.50097246
            322     0.50127387
            323     0.50140196
            324     0.50112970
            325     0.50094419
            326     0.50142146
            327     0.50121045
            328     0.50115637
            329     0.50106366
            330     0.50164017
            331     0.50095255
            332     0.50143672
            333     0.50134026
            334     0.50113565
            335     0.50115736
            336     0.50123434
            337     0.50123956
            338     0.50101854
            339     0.50109777
            340     0.50130025
            341     0.50093254
            342     0.50061749
            343     0.50109727
            344     0.50123339
            345     0.50171975
            346     0.50088386
            347     0.50109155
            348     0.50131825
            349     0.50103473
            350     0.50117616
            351     0.50103274
            352     0.50118090
            353     0.50086544
            354     0.50115454
            355     0.50095975
            356     0.50091614
            357     0.50118763
            358     0.50103831
            359     0.50095294
            360     0.50112041
            361     0.50127514
            362     0.50130201
            363     0.50094103
            364     0.50137654
            365     0.50098946
            366     0.50108452
            367     0.50097674
            368     0.50100601
            369     0.50110611
            370     0.50100181
            371     0.50098318
            372     0.50080308
            373     0.50103316
            374     0.50102591
            375     0.50074117
            376     0.50118346
            377     0.50131406
            378     0.50094011
            379     0.50102422
            380     0.50054880
            381     0.50113512
            382     0.50074656
            383     0.50091620
            384     0.50082022
            385     0.50082278
            386     0.50101634
            387     0.50079831
            388     0.50116608
            389     0.50087625
            390     0.50106088
            391     0.50072200
            392     0.50105605
            393     0.50084155
            394     0.50087994
            395     0.50129730
            396     0.50097394
            397     0.50098648
            398     0.50095045
            399     0.50074569
            400     0.50106750
            401     0.50070785
            402     0.50068684
            403     0.50070416
            404     0.50067435
            405     0.50070933
            406     0.50098667
            407     0.50096201
            408     0.50076727
            409     0.50100924
            410     0.50100736
            411     0.50100900
            412     0.50096282
            413     0.50090301
            414     0.50082889
            415     0.50102912
            416     0.50116168
            417     0.50066435
            418     0.50070974
            419     0.50064741
            420     0.50072603
            421     0.50104573
            422     0.50074231
            423     0.50088730
            424     0.50093737
            425     0.50116738
            426     0.50097181
            427     0.50064734
            428     0.50104427
            429     0.50099069
            430     0.50095942
            431     0.50076523
            432     0.50085503
            433     0.50068318
            434     0.50065939
            435     0.50105059
            436     0.50073574
            437     0.50069631
            438     0.50055574
            439     0.50099504
            440     0.50070691
            441     0.50089378
            442     0.50066254
            443     0.50086201
            444     0.50079288
            445     0.50070906
            446     0.50090340
            447     0.50084983
            448     0.50081488
            449     0.50057694
            450     0.50071850
            451     0.50052802
            452     0.50071712
            453     0.50092623
            454     0.50063801
            455     0.50063099
            456     0.50045717
            457     0.50055980
            458     0.50064591
            459     0.50081145
            460     0.50084976
            461     0.50080531
            462     0.50059763
            463     0.50042272
            464     0.50086964
            465     0.50062218
            466     0.50046875
            467     0.50063746
            468     0.50061102
            469     0.50075913
            470     0.50061686
            471     0.50066631
            472     0.50059886
            473     0.50086700
            474     0.50053526
            475     0.50088942
            476     0.50097897
            477     0.50091251
            478     0.50076294
            479     0.50088614
            480     0.50059470
            481     0.50052871
            482     0.50076324
            483     0.50044780
            484     0.50073139
            485     0.50056989
            486     0.50066949
            487     0.50074066
            488     0.50050340
            489     0.50067001
            490     0.50074131
            491     0.50065657
            492     0.50064637
            493     0.50066224
            494     0.50074830
            495     0.50082888
            496     0.50058985
            497     0.50072612
            498     0.50056669
            499     0.50035222
            500     0.50064128
