      Iteration         Energy
              1      3.7221696
              2      3.4777377
              3      3.3979852
              4      3.3245208
              5      3.3013470
              6      3.2637428
              7      3.2602039
              8      3.2473362
              9      3.2438663
             10      3.2344756
             11      3.2254510
             12      3.2255936
             13      3.2040763
             14      3.2042841
             15      3.2145004
             16      3.2093661
             17      3.2057586
             18      3.2054941
             19      3.2045921
             20      3.2130054
             21      3.1884506
             22      3.1963630
             23      3.1977640
             24      3.1929678
             25      3.1929133
             26      3.2192785
             27      3.2025189
             28      3.1941423
             29      3.2013213
             30      3.1865256
             31      3.1968389
             32      3.1814567
             33      3.2130444
             34      3.1864085
             35      3.1958826
             36      3.1967396
             37      3.1831302
             38      3.1964676
             39      3.1874992
             40      3.1941981
             41      3.1773852
             42      3.1945762
             43      3.1881254
             44      3.2042640
             45      3.1961326
             46      3.1856983
             47      3.1919820
             48      3.1951943
             49      3.1906663
             50      3.1875033
             51      3.1935310
             52      3.1820927
             53      3.1901523
             54      3.1817612
             55      3.1832148
             56      3.1904878
             57      3.1845419
             58      3.1772274
             59      3.1949600
             60      3.2072580
             61      3.1792431
             62      3.1875234
             63      3.1784791
             64      3.1875346
             65      3.1801335
             66      3.1903832
             67      3.1699291
             68      3.1850157
             69      3.1779864
             70      3.1735352
             71      3.1838079
             72      3.1735938
             73      3.1723089
             74      3.1858636
             75      3.1768166
             76      3.1840351
             77      3.1886691
             78      3.1634374
             79      3.1876878
             80      3.1838125
             81      3.1685360
             82      3.1701698
             83      3.1736922
             84      3.1709277
             85      3.1714544
             86      3.1647965
             87      3.1805348
             88      3.1930535
             89      3.1828734
             90      3.1735507
             91      3.1705906
             92      3.1727242
             93      3.1683871
             94      3.1858035
             95      3.1827154
             96      3.1687095
             97      3.1524275
             98      3.1618007
             99      3.1605107
            100      3.1737935
            101      3.1600107
            102      3.1739401
            103      3.1752225
            104      3.1615410
            105      3.1637989
            106      3.1664194
            107      3.1733259
            108      3.1692998
            109      3.1705195
            110      3.1569025
            111      3.1583098
            112      3.1741426
            113      3.1813840
            114      3.1596449
            115      3.1641138
            116      3.1680642
            117      3.1666808
            118      3.1804975
            119      3.1661462
            120      3.1535895
            121      3.1797510
            122      3.1604105
            123      3.1556943
            124      3.1518189
            125      3.1813268
            126      3.1587120
            127      3.1571716
            128      3.1672930
            129      3.1435833
            130      3.1648723
            131      3.1593322
            132      3.1678336
            133      3.1658062
            134      3.1611087
            135      3.1678080
            136      3.1690038
            137      3.1604718
            138      3.1575949
            139      3.1711910
            140      3.1551721
            141      3.1635504
            142      3.1641998
            143      3.1570955
            144      3.1646585
            145      3.1511686
            146      3.1645298
            147      3.1496651
            148      3.1487926
            149      3.1567527
            150      3.1643646
            151      3.1494516
            152      3.1531614
            153      3.1535136
            154      3.1696771
            155      3.1554398
            156      3.1473774
            157      3.1604327
            158      3.1411801
            159      3.1533718
            160      3.1584589
            161      3.1478163
            162      3.1534928
            163      3.1544610
            164      3.1697220
            165      3.1468453
            166      3.1513082
            167      3.1652157
            168      3.1529617
            169      3.1403818
            170      3.1547831
            171      3.1541305
            172      3.1463209
            173      3.1527599
            174      3.1538397
            175      3.1663567
            176      3.1471384
            177      3.1543983
            178      3.1477852
            179      3.1467737
            180      3.1639287
            181      3.1589509
            182      3.1474683
            183      3.1475591
            184      3.1487194
            185      3.1503015
            186      3.1585259
            187      3.1568571
            188      3.1431877
            189      3.1416985
            190      3.1559300
            191      3.1591871
            192      3.1342256
            193      3.1540631
            194      3.1584676
            195      3.1563546
            196      3.1542697
            197      3.1728375
            198      3.1504110
            199      3.1620396
            200      3.1513744
            201      3.1552586
            202      3.1561378
            203      3.1448709
            204      3.1591066
            205      3.1472829
            206      3.1560292
            207      3.1516232
            208      3.1473846
            209      3.1458929
            210      3.1524313
            211      3.1455621
            212      3.1542854
            213      3.1444654
            214      3.1412102
            215      3.1558302
            216      3.1551623
            217      3.1470637
            218      3.1515696
            219      3.1434906
            220      3.1511867
            221      3.1423972
            222      3.1590867
            223      3.1370983
            224      3.1443476
            225      3.1491523
            226      3.1548338
            227      3.1429596
            228      3.1404071
            229      3.1498283
            230      3.1545794
            231      3.1563906
            232      3.1469275
            233      3.1496222
            234      3.1500772
            235      3.1477394
            236      3.1409334
            237      3.1508251
            238      3.1393391
            239      3.1614221
            240      3.1464232
            241      3.1461089
            242      3.1516851
            243      3.1421447
            244      3.1407106
            245      3.1448362
            246      3.1494683
            247      3.1486809
            248      3.1420910
            249      3.1466769
            250      3.1521916
            251      3.1525935
            252      3.1375643
            253      3.1500048
            254      3.1381240
            255      3.1370563
            256      3.1404077
            257      3.1482708
            258      3.1476709
            259      3.1584147
            260      3.1494954
            261      3.1361739
            262      3.1468120
            263      3.1591617
            264      3.1513364
            265      3.1517746
            266      3.1295229
            267      3.1531597
            268      3.1538423
            269      3.1478051
            270      3.1512816
            271      3.1354183
            272      3.1476812
            273      3.1619108
            274      3.1569380
            275      3.1618416
            276      3.1476559
            277      3.1453127
            278      3.1489372
            279      3.1406096
            280      3.1881700
            281      3.1441909
            282      3.1422729
            283      3.1439160
            284      3.1458618
            285      3.1240072
            286      3.1529544
            287      3.1413488
            288      3.1458419
            289      3.1353833
            290      3.1373743
            291      3.1419137
            292      3.1299109
            293      3.1325859
            294      3.1523078
            295      3.1288739
            296      3.1337661
            297      3.1259409
            298      3.1417088
            299      3.1407389
            300      3.1375996
            301      3.1370948
            302      3.1397940
            303      3.1363449
            304      3.1356618
            305      3.1403583
            306      3.1317723
            307      3.1347964
            308      3.1371623
            309      3.1355005
            310      3.1342630
            311      3.1349287
            312      3.1319887
            313      3.1338751
            314      3.1296900
            315      3.1327352
            316      3.1402011
            317      3.1286868
            318      3.1305355
            319      3.1355521
            320      3.1401017
            321      3.1279906
            322      3.1333447
            323      3.1553358
            324      3.1264396
            325      3.1390277
            326      3.1236708
            327      3.1354143
            328      3.1417773
            329      3.1400673
            330      3.1406983
            331      3.1352923
            332      3.1456879
            333      3.1390518
            334      3.1493708
            335      3.1394478
            336      3.1272047
            337      3.1312107
            338      3.1349226
            339      3.1420359
            340      3.1401430
            341      3.1447449
            342      3.1375465
            343      3.1387996
            344      3.1309583
            345      3.1259948
            346      3.1310142
            347      3.1334667
            348      3.1293520
            349      3.1287499
            350      3.1258411
            351      3.1351581
            352      3.1315315
            353      3.1310730
            354      3.1285898
            355      3.1464448
            356      3.1282486
            357      3.1290174
            358      3.1245769
            359      3.1178510
            360      3.1367663
            361      3.1387546
            362      3.1338570
            363      3.1387421
            364      3.1360465
            365      3.1402796
            366      3.1275689
            367      3.1123785
            368      3.1237097
            369      3.1306828
            370      3.1405408
            371      3.1155816
            372      3.1249365
            373      3.1313702
            374      3.1308224
            375      3.1435005
            376      3.1450537
            377      3.1179705
            378      3.1430098
            379      3.1170438
            380      3.1183706
            381      3.1289688
            382      3.1226374
            383      3.1305162
            384      3.1266300
            385      3.1241444
            386      3.1277846
            387      3.1268428
            388      3.1197820
            389      3.1345709
            390      3.1172546
            391      3.1278856
            392      3.1138035
            393      3.1203234
            394      3.1256969
            395      3.1403971
            396      3.1251924
            397      3.1245471
            398      3.1253964
            399      3.1286306
            400      3.1184964
            401      3.1155410
            402      3.1296681
            403      3.1257617
            404      3.1123150
            405      3.1213124
            406      3.1270604
            407      3.1192550
            408      3.1229588
            409      3.1143793
            410      3.1144232
            411      3.1253312
            412      3.1256936
            413      3.1192013
            414      3.1327503
            415      3.1181340
            416      3.1209655
            417      3.1253026
            418      3.1121846
            419      3.1131661
            420      3.1226062
            421      3.1257410
            422      3.1240272
            423      3.1214606
            424      3.1131584
            425      3.1275165
            426      3.1163673
            427      3.1275615
            428      3.1217625
            429      3.1181787
            430      3.1182058
            431      3.1482241
            432      3.1364035
            433      3.1086278
            434      3.1112504
            435      3.1066098
            436      3.1085856
            437      3.1004515
            438      3.1218012
            439      3.1065094
            440      3.1131501
            441      3.1172996
            442      3.1202115
            443      3.1143128
            444      3.1086576
            445      3.1081204
            446      3.1166784
            447      3.1052704
            448      3.1114717
            449      3.1079051
            450      3.1268921
            451      3.1141641
            452      3.1182980
            453      3.0954779
            454      3.1155148
            455      3.1152885
            456      3.1173710
            457      3.0945487
            458      3.1166359
            459      3.1046776
            460      3.1021634
            461      3.1091711
            462      3.1022138
            463      3.1146484
            464      3.1143797
            465      3.1088006
            466      3.1115593
            467      3.1056092
            468      3.0974546
            469      3.1012807
            470      3.1174573
            471      3.0994251
            472      3.0950009
            473      3.1040977
            474      3.0987644
            475      3.1012653
            476      3.0935156
            477      3.1036467
            478      3.1120015
            479      3.1117473
            480      3.0892955
            481      3.1263373
            482      3.1099151
            483      3.1069913
            484      3.0910420
            485      3.1020703
            486      3.0969855
            487      3.1027624
            488      3.0908691
            489      3.0968253
            490      3.1005888
            491      3.0959865
            492      3.0995338
            493      3.0949851
            494      3.1011185
            495      3.0927255
            496      3.0943690
            497      3.1064964
            498      3.0943975
            499      3.0984639
            500      3.0859660
