      Iteration         Energy
              1      3.5813406
              2      3.4462878
              3      3.3659745
              4      3.3151613
              5      3.2907010
              6      3.2760914
              7      3.2743262
              8      3.2594976
              9      3.2516405
             10      3.2364010
             11      3.2412172
             12      3.2534678
             13      3.2422795
             14      3.2471192
             15      3.2452782
             16      3.2542691
             17      3.2463377
             18      3.2354454
             19      3.2375253
             20      3.2255747
             21      3.2296219
             22      3.2387119
             23      3.2221889
             24      3.2272138
             25      3.2312213
             26      3.2283019
             27      3.2291439
             28      3.2254839
             29      3.2222091
             30      3.2234219
             31      3.2242570
             32      3.2217517
             33      3.2239193
             34      3.2270896
             35      3.2296928
             36      3.2174446
             37      3.2157418
             38      3.2347423
             39      3.2080139
             40      3.2167595
             41      3.2255459
             42      3.2216892
             43      3.2159820
             44      3.2257463
             45      3.2183914
             46      3.2181763
             47      3.2097694
             48      3.2045362
             49      3.2260983
             50      3.2077171
             51      3.2146946
             52      3.2228367
             53      3.2211219
             54      3.2154913
             55      3.2073938
             56      3.2233964
             57      3.2150657
             58      3.2233338
             59      3.2046920
             60      3.2081209
             61      3.2159170
             62      3.2060303
             63      3.2042117
             64      3.2158174
             65      3.2186192
             66      3.2208086
             67      3.2043001
             68      3.2060686
             69      3.2103011
             70      3.2143432
             71      3.2086807
             72      3.2069621
             73      3.2059884
             74      3.2037827
             75      3.1939516
             76      3.2059922
             77      3.2029841
             78      3.2066268
             79      3.2117062
             80      3.2069334
             81      3.2063388
             82      3.1992408
             83      3.2063538
             84      3.1980123
             85      3.1975081
             86      3.1917146
             87      3.2007493
             88      3.2024587
             89      3.2048382
             90      3.1991440
             91      3.1937099
             92      3.2032943
             93      3.2119259
             94      3.1923546
             95      3.1948283
             96      3.1951209
             97      3.1868015
             98      3.1838320
             99      3.2021506
            100      3.2035771
            101      3.1913441
            102      3.1913797
            103      3.1888198
            104      3.1895600
            105      3.1820941
            106      3.1924437
            107      3.1979309
            108      3.1961949
            109      3.1812276
            110      3.1942761
            111      3.1952959
            112      3.1928421
            113      3.1731229
            114      3.1921202
            115      3.1932510
            116      3.1824964
            117      3.2001989
            118      3.1792885
            119      3.1868086
            120      3.1813523
            121      3.1800406
            122      3.1757384
            123      3.1885122
            124      3.1838977
            125      3.1721169
            126      3.1928576
            127      3.1837885
            128      3.1867226
            129      3.1884343
            130      3.1718551
            131      3.1867472
            132      3.1880377
            133      3.1784987
            134      3.1655767
            135      3.1659544
            136      3.1981164
            137      3.1786980
            138      3.1799631
            139      3.1549238
            140      3.1754755
            141      3.1739932
            142      3.1694190
            143      3.1749557
            144      3.1792520
            145      3.1701384
            146      3.1783644
            147      3.1739135
            148      3.1759668
            149      3.1698827
            150      3.1721390
            151      3.1699545
            152      3.1825541
            153      3.1621153
            154      3.1868986
            155      3.1688736
            156      3.1642073
            157      3.1605063
            158      3.1694433
            159      3.1738156
            160      3.1709115
            161      3.1733263
            162      3.1657014
            163      3.1762132
            164      3.1531449
            165      3.1716295
            166      3.1574988
            167      3.1756301
            168      3.1745542
            169      3.1663334
            170      3.1643541
            171      3.1705244
            172      3.1624458
            173      3.1600561
            174      3.1669302
            175      3.1698867
            176      3.1615715
            177      3.1595946
            178      3.1584010
            179      3.1507676
            180      3.1618250
            181      3.1551210
            182      3.1551647
            183      3.1574275
            184      3.1544507
            185      3.1522624
            186      3.1441291
            187      3.1454263
            188      3.1534021
            189      3.1588812
            190      3.1585077
            191      3.1537945
            192      3.1564059
            193      3.1536064
            194      3.1470281
            195      3.1564069
            196      3.1455046
            197      3.1577236
            198      3.1649440
            199      3.1393323
            200      3.1543823
            201      3.1460500
            202      3.1504054
            203      3.1677116
            204      3.1454333
            205      3.1450068
            206      3.1602386
            207      3.1540517
            208      3.1365001
            209      3.2045805
            210      3.1554791
            211      3.1473100
            212      3.1446864
            213      3.1345621
            214      3.1606392
            215      3.1470101
            216      3.1419693
            217      3.1584426
            218      3.1365105
            219      3.1359321
            220      3.1463515
            221      3.1453386
            222      3.1465726
            223      3.1418828
            224      3.1450123
            225      3.1343730
            226      3.1362960
            227      3.1373299
            228      3.1433282
            229      3.1412463
            230      3.1347043
            231      3.1324301
            232      3.1289080
            233      3.1493760
            234      3.1342166
            235      3.1395636
            236      3.1409810
            237      3.1390898
            238      3.1264062
            239      3.1266895
            240      3.1245583
            241      3.1397754
            242      3.1326600
            243      3.1215537
            244      3.1241604
            245      3.1292692
            246      3.1395715
            247      3.1419397
            248      3.1280253
            249      3.1350128
            250      3.1324411
            251      3.1298766
            252      3.1231468
            253      3.1325292
            254      3.1307479
            255      3.1385873
            256      3.1122045
            257      3.1302423
            258      3.1187247
            259      3.1207777
            260      3.1320462
            261      3.1449240
            262      3.1239956
            263      3.1227661
            264      3.1248532
            265      3.1219531
            266      3.1164847
            267      3.1227690
            268      3.1308648
            269      3.1323904
            270      3.1185969
            271      3.1202514
            272      3.1208246
            273      3.1224781
            274      3.1163029
            275      3.1282606
            276      3.1266058
            277      3.1191697
            278      3.1242255
            279      3.1197268
            280      3.1207488
            281      3.1180047
            282      3.1192126
            283      3.1182553
            284      3.1134830
            285      3.1236205
            286      3.1088022
            287      3.1110999
            288      3.1368533
            289      3.1226437
            290      3.1227579
            291      3.1148072
            292      3.1313802
            293      3.1190656
            294      3.1098301
            295      3.1216190
            296      3.1067063
            297      3.1086731
            298      3.1067227
            299      3.1137060
            300      3.1162076
            301      3.1111093
            302      3.1053819
            303      3.1007995
            304      3.1134980
            305      3.1166557
            306      3.1191194
            307      3.1140035
            308      3.1181670
            309      3.1023487
            310      3.1231771
            311      3.1295425
            312      3.1023166
            313      3.1096554
            314      3.0979464
            315      3.1126981
            316      3.1088221
            317      3.1133553
            318      3.1095855
            319      3.1062491
            320      3.1030195
            321      3.1186800
            322      3.1216492
            323      3.1056244
            324      3.1142126
            325      3.1113677
            326      3.1087800
            327      3.1065901
            328      3.1022614
            329      3.1096871
            330      3.1246471
            331      3.1095567
            332      3.1146940
            333      3.1131332
            334      3.1092566
            335      3.1058090
            336      3.1058945
            337      3.1025907
            338      3.1003531
            339      3.1051986
            340      3.1021947
            341      3.1106423
            342      3.1041431
            343      3.0995059
            344      3.0965015
            345      3.1028413
            346      3.1030024
            347      3.1136802
            348      3.1105671
            349      3.1140642
            350      3.1067383
            351      3.1253888
            352      3.1097282
            353      3.1045441
            354      3.1011467
            355      3.1059385
            356      3.0985979
            357      3.1073656
            358      3.0993943
            359      3.1012310
            360      3.1054463
            361      3.0844006
            362      3.1053454
            363      3.0918093
            364      3.1024444
            365      3.1008209
            366      3.0947245
            367      3.1017395
            368      3.1005736
            369      3.1153382
            370      3.1033580
            371      3.0964428
            372      3.0986776
            373      3.1202702
            374      3.1013560
            375      3.0978089
            376      3.0929695
            377      3.1153902
            378      3.1170805
            379      3.1029140
            380      3.1021239
            381      3.0889131
            382      3.1016133
            383      3.0976838
            384      3.0981522
            385      3.1099764
            386      3.1056550
            387      3.0841303
            388      3.0982655
            389      3.0995539
            390      3.0985462
            391      3.0979006
            392      3.1006710
            393      3.0978822
            394      3.1120872
            395      3.0965003
            396      3.0978550
            397      3.0962786
            398      3.0969406
            399      3.0898056
            400      3.1060681
            401      3.1029669
            402      3.1048862
            403      3.1008583
            404      3.1160550
            405      3.0949581
            406      3.1021482
            407      3.0997299
            408      3.1184334
            409      3.0960708
            410      3.0920086
            411      3.0905418
            412      3.1026295
            413      3.1028532
            414      3.0968066
            415      3.0955766
            416      3.1059475
            417      3.1036798
            418      3.1005236
            419      3.1006452
            420      3.1945541
            421      3.1004422
            422      3.0942233
            423      3.1145546
            424      3.1198817
            425      3.0997182
            426      3.0902146
            427      3.0954163
            428      3.0915418
            429      3.1000246
            430      3.1039271
            431      3.0983147
            432      3.0940674
            433      3.0932088
            434      3.0913021
            435      3.0859961
            436      3.0921790
            437      3.1007825
            438      3.1013321
            439      3.0855368
            440      3.0882426
            441      3.0999682
            442      3.1048654
            443      3.0940509
            444      3.1015522
            445      3.1122936
            446      3.0930044
            447      3.1048138
            448      3.0924075
            449      3.0876365
            450      3.0984479
            451      3.1032221
            452      3.1142112
            453      3.1053552
            454      3.1001169
            455      3.1001720
            456      3.0863982
            457      3.0902611
            458      3.1026508
            459      3.0927737
            460      3.0984252
            461      3.0916779
            462      3.1009216
            463      3.0964658
            464      3.0906106
            465      3.0835627
            466      3.0996417
            467      3.1119109
            468      3.0979152
            469      3.0980949
            470      3.0955340
            471      3.0990206
            472      3.0994645
            473      3.0925253
            474      3.1037834
            475      3.0962127
            476      3.0851374
            477      3.0974218
            478      3.0867531
            479      3.0836746
            480      3.0993376
            481      3.0916775
            482      3.0997799
            483      3.0881630
            484      3.0920734
            485      3.1015353
            486      3.0889227
            487      3.0877599
            488      3.0963245
            489      3.0974001
            490      3.0915038
            491      3.0881994
            492      3.0898222
            493      3.0893343
            494      3.0995990
            495      3.1068895
            496      3.0976680
            497      3.1013727
            498      3.0932784
            499      3.0980121
            500      3.0999190
