      Iteration         Energy
              1      4.2145332
              2      3.5652662
              3      3.1908939
              4      3.1637232
              5      3.1663708
              6      3.1601685
              7      3.1601654
              8      3.1554536
              9      3.1455606
             10      3.1397968
             11      3.1392222
             12      3.1351849
             13      3.1370183
             14      3.1297782
             15      3.1296499
             16      3.1241825
             17      3.1181714
             18      3.1135959
             19      3.1153223
             20      3.1088018
             21      3.1069944
             22      3.1088776
             23      3.1112038
             24      3.1146651
             25      3.1080262
             26      3.1003092
             27      3.1025891
             28      3.1011281
             29      3.1007308
             30      3.0963851
             31      3.1027353
             32      3.1010959
             33      3.0991603
             34      3.0970599
             35      3.1005666
             36      3.1016232
             37      3.0964078
             38      3.0951986
             39      3.0955312
             40      3.0977670
             41      3.0962719
             42      3.0989679
             43      3.0954940
             44      3.0935916
             45      3.0948926
             46      3.0932772
             47      3.0906166
             48      3.0958339
             49      3.0948731
             50      3.0925864
             51      3.0965148
             52      3.0953168
             53      3.0921568
             54      3.0942254
             55      3.0999368
             56      3.0937922
             57      3.0989763
             58      3.0918003
             59      3.0978207
             60      3.0913029
             61      3.0961424
             62      3.0964610
             63      3.1026776
             64      3.0973713
             65      3.0957292
             66      3.0867952
             67      3.0927566
             68      3.0968279
             69      3.0967925
             70      3.0924668
             71      3.0927773
             72      3.0956186
             73      3.0952356
             74      3.0916383
             75      3.0929226
             76      3.0948344
             77      3.0926780
             78      3.0932333
             79      3.0944305
             80      3.0927262
             81      3.0884008
             82      3.0969566
             83      3.0911522
             84      3.0927760
             85      3.0901296
             86      3.0919337
             87      3.0921597
             88      3.0918541
             89      3.0931393
             90      3.0925216
             91      3.0911158
             92      3.0922302
             93      3.0955952
             94      3.0883397
             95      3.0918532
             96      3.0970408
             97      3.0941930
             98      3.0887235
             99      3.0996800
            100      3.0899275
            101      3.0912158
            102      3.0928093
            103      3.0934521
            104      3.0946771
            105      3.0928943
            106      3.0897325
            107      3.0909112
            108      3.0929757
            109      3.0892559
            110      3.0957996
            111      3.0929972
            112      3.0975068
            113      3.0938014
            114      3.0933430
            115      3.0911819
            116      3.0905640
            117      3.0977607
            118      3.0898514
            119      3.0888316
            120      3.0912189
            121      3.0904453
            122      3.0856412
            123      3.0934711
            124      3.0943988
            125      3.0926671
            126      3.0930674
            127      3.0919508
            128      3.0896341
            129      3.0881644
            130      3.0914541
            131      3.0889166
            132      3.0892434
            133      3.0923611
            134      3.0946970
            135      3.0960925
            136      3.0900716
            137      3.0909043
            138      3.0878842
            139      3.0910991
            140      3.0867480
            141      3.0922371
            142      3.0885022
            143      3.0935511
            144      3.0930480
            145      3.0857174
            146      3.0906691
            147      3.0914207
            148      3.0925266
            149      3.0863030
            150      3.0922123
            151      3.0916513
            152      3.0899077
            153      3.0901234
            154      3.0941839
            155      3.0899812
            156      3.0904471
            157      3.0881995
            158      3.0909762
            159      3.0886971
            160      3.0927418
            161      3.0882480
            162      3.0873026
            163      3.0906589
            164      3.0918064
            165      3.0907982
            166      3.0923882
            167      3.0918087
            168      3.0914396
            169      3.0882937
            170      3.0897473
            171      3.0908029
            172      3.0916157
            173      3.0955116
            174      3.0910011
            175      3.0925003
            176      3.0879473
            177      3.0870378
            178      3.0893509
            179      3.0963327
            180      3.0914465
            181      3.0867076
            182      3.0856038
            183      3.0875726
            184      3.0919361
            185      3.0902383
            186      3.0870544
            187      3.0928169
            188      3.0914876
            189      3.0901463
            190      3.0964921
            191      3.0830546
            192      3.0901793
            193      3.0919445
            194      3.0897620
            195      3.0925017
            196      3.0864955
            197      3.0917780
            198      3.0909083
            199      3.0887356
            200      3.0878583
            201      3.0894627
            202      3.0892069
            203      3.0888596
            204      3.0858499
            205      3.0914090
            206      3.0939693
            207      3.0905168
            208      3.0893249
            209      3.0906923
            210      3.0889312
            211      3.0914329
            212      3.0876591
            213      3.0875003
            214      3.0858558
            215      3.0876742
            216      3.0921376
            217      3.0883945
            218      3.0911287
            219      3.0903064
            220      3.0903042
            221      3.0893586
            222      3.0859309
            223      3.0856790
            224      3.0925730
            225      3.0883877
            226      3.0917496
            227      3.0899495
            228      3.0896000
            229      3.0861412
            230      3.0862590
            231      3.0844675
            232      3.0893427
            233      3.0908399
            234      3.0881047
            235      3.0875857
            236      3.0898381
            237      3.0869518
            238      3.0891847
            239      3.0875850
            240      3.0859223
            241      3.0885242
            242      3.0822414
            243      3.0921198
            244      3.0914664
            245      3.0797856
            246      3.0917858
            247      3.0884046
            248      3.0863443
            249      3.0897766
            250      3.0872952
            251      3.0867993
            252      3.0883601
            253      3.0884563
            254      3.0928180
            255      3.0881264
            256      3.0925041
            257      3.0899694
            258      3.0907845
            259      3.0878719
            260      3.0898074
            261      3.0867617
            262      3.0850875
            263      3.0907420
            264      3.0880090
            265      3.0930277
            266      3.0876414
            267      3.0853841
            268      3.0879625
            269      3.0833048
            270      3.0898321
            271      3.0896529
            272      3.0900153
            273      3.0856368
            274      3.0859617
            275      3.0901596
            276      3.0863232
            277      3.0898548
            278      3.0886370
            279      3.0818979
            280      3.0838181
            281      3.0854686
            282      3.0898471
            283      3.0925211
            284      3.0860758
            285      3.0880915
            286      3.0901487
            287      3.0851107
            288      3.0890073
            289      3.0847102
            290      3.0845031
            291      3.0847333
            292      3.0843338
            293      3.0904061
            294      3.0921500
            295      3.0886929
            296      3.0854723
            297      3.0836996
            298      3.0855841
            299      3.0899241
            300      3.0861317
            301      3.0913025
            302      3.0824648
            303      3.0838099
            304      3.0872483
            305      3.0883135
            306      3.0963018
            307      3.0892634
            308      3.0873914
            309      3.0843671
            310      3.0871375
            311      3.0835055
            312      3.0846031
            313      3.0848995
            314      3.0889218
            315      3.0874662
            316      3.0865206
            317      3.0891028
            318      3.0838321
            319      3.0869600
            320      3.0893550
            321      3.0833339
            322      3.0858147
            323      3.0855270
            324      3.0890543
            325      3.0885868
            326      3.0872640
            327      3.0849246
            328      3.0884489
            329      3.0848695
            330      3.0911212
            331      3.0842855
            332      3.0849978
            333      3.0838416
            334      3.0876917
            335      3.0848208
            336      3.0830583
            337      3.0847616
            338      3.0838830
            339      3.0837555
            340      3.0806556
            341      3.0823863
            342      3.0864430
            343      3.0824808
            344      3.0815144
            345      3.0814583
            346      3.0809367
            347      3.0867478
            348      3.0856337
            349      3.0844759
            350      3.0831275
            351      3.0843881
            352      3.0837310
            353      3.0853124
            354      3.0886745
            355      3.0809814
            356      3.0860894
            357      3.0841479
            358      3.0869243
            359      3.0820116
            360      3.0848110
            361      3.0869201
            362      3.0861167
            363      3.0851841
            364      3.0863342
            365      3.0874783
            366      3.0853235
            367      3.0888603
            368      3.0848775
            369      3.0803119
            370      3.0889722
            371      3.0816477
            372      3.0835799
            373      3.0846511
            374      3.0857712
            375      3.0826367
            376      3.0851040
            377      3.0915192
            378      3.0886767
            379      3.0847972
            380      3.0856452
            381      3.0888536
            382      3.0850529
            383      3.0822642
            384      3.0849647
            385      3.0849979
            386      3.0819930
            387      3.0826141
            388      3.0836604
            389      3.0810150
            390      3.0958882
            391      3.0881870
            392      3.0815077
            393      3.0832945
            394      3.0815119
            395      3.0842043
            396      3.0855514
            397      3.0838946
            398      3.0872994
            399      3.0854130
            400      3.0822124
            401      3.0848222
            402      3.0974834
            403      3.0798219
            404      3.0825067
            405      3.0856955
            406      3.0824637
            407      3.0826280
            408      3.0848130
            409      3.0846968
            410      3.0843495
            411      3.0862575
            412      3.0818589
            413      3.0855666
            414      3.0867637
            415      3.0850930
            416      3.0826271
            417      3.0867028
            418      3.0807142
            419      3.0818439
            420      3.0842758
            421      3.0847346
            422      3.0826209
            423      3.0838268
            424      3.0882050
            425      3.0834761
            426      3.0838155
            427      3.0862545
            428      3.0831184
            429      3.0865665
            430      3.0864254
            431      3.0826791
            432      3.0820485
            433      3.0804763
            434      3.0823580
            435      3.0814345
            436      3.0804881
            437      3.0843440
            438      3.0863170
            439      3.0808677
            440      3.0796791
            441      3.0846085
            442      3.0856011
            443      3.0836327
            444      3.0840644
            445      3.0787269
            446      3.0854675
            447      3.0846168
            448      3.0865712
            449      3.0819325
            450      3.0776303
            451      3.0854374
            452      3.0825081
            453      3.0801032
            454      3.0847929
            455      3.0829878
            456      3.0843974
            457      3.0819551
            458      3.0826465
            459      3.0863089
            460      3.0833504
            461      3.0826419
            462      3.0850121
            463      3.0787797
            464      3.0821973
            465      3.0816117
            466      3.0841486
            467      3.0828790
            468      3.0803265
            469      3.0864116
            470      3.0835037
            471      3.0833401
            472      3.0821689
            473      3.0832133
            474      3.0813239
            475      3.0834596
            476      3.0875309
            477      3.0822332
            478      3.0822150
            479      3.0832946
            480      3.1108651
            481      3.0815497
            482      3.0846047
            483      3.0849024
            484      3.0852773
            485      3.0858510
            486      3.0788421
            487      3.0835730
            488      3.0847083
            489      3.0861348
            490      3.0828712
            491      3.0852350
            492      3.0873297
            493      3.0826520
            494      3.0825519
            495      3.0835528
            496      3.0844273
            497      3.0850184
            498      3.0798057
            499      3.0829588
            500      3.0840024
