      Iteration         Energy
              1      3.6964341
              2      3.4893832
              3      3.3699206
              4      3.3170603
              5      3.2755986
              6      3.2557716
              7      3.2449474
              8      3.2232566
              9      3.2067811
             10      3.2116967
             11      3.2134906
             12      3.2035157
             13      3.1974785
             14      3.2105875
             15      3.1921489
             16      3.1803638
             17      3.1975844
             18      3.1828465
             19      3.1938561
             20      3.1922988
             21      3.1966022
             22      3.1836423
             23      3.2007614
             24      3.1896953
             25      3.1914957
             26      3.1745608
             27      3.1863769
             28      3.1968236
             29      3.1752403
             30      3.1947419
             31      3.1932489
             32      3.1714959
             33      3.1917359
             34      3.1764114
             35      3.1907254
             36      3.1761525
             37      3.1846188
             38      3.1713179
             39      3.1748907
             40      3.1711700
             41      3.1703391
             42      3.1676396
             43      3.1793086
             44      3.2067745
             45      3.1655138
             46      3.1649167
             47      3.1787188
             48      3.1757245
             49      3.1995572
             50      3.1792733
             51      3.1569715
             52      3.1867664
             53      3.1784497
             54      3.1750388
             55      3.1679434
             56      3.1780595
             57      3.1759825
             58      3.1628853
             59      3.1620706
             60      3.1729072
             61      3.1739515
             62      3.1709037
             63      3.1711636
             64      3.1601010
             65      3.1591246
             66      3.1585741
             67      3.1532351
             68      3.1754998
             69      3.1485642
             70      3.1608377
             71      3.1702719
             72      3.1594484
             73      3.1644418
             74      3.1609014
             75      3.1603522
             76      3.1757888
             77      3.1613063
             78      3.1583804
             79      3.1690217
             80      3.1589190
             81      3.1615041
             82      3.1516391
             83      3.1555367
             84      3.1489804
             85      3.1600807
             86      3.1527475
             87      3.1473042
             88      3.1493719
             89      3.1621473
             90      3.1565736
             91      3.1482252
             92      3.1561116
             93      3.1497916
             94      3.1477123
             95      3.1445835
             96      3.1574556
             97      3.1587694
             98      3.1478576
             99      3.1434653
            100      3.1487751
            101      3.1605339
            102      3.1493582
            103      3.1548179
            104      3.1502069
            105      3.1409785
            106      3.1330347
            107      3.1452081
            108      3.1452331
            109      3.1533281
            110      3.1514354
            111      3.1628399
            112      3.1487928
            113      3.1442365
            114      3.1503611
            115      3.1437361
            116      3.1468555
            117      3.1360452
            118      3.1349930
            119      3.1539738
            120      3.1413659
            121      3.1310605
            122      3.1543180
            123      3.1366656
            124      3.1315924
            125      3.1386102
            126      3.1425472
            127      3.1420433
            128      3.1215946
            129      3.1293205
            130      3.1291961
            131      3.1324673
            132      3.1333199
            133      3.1487233
            134      3.1298943
            135      3.1406300
            136      3.1326938
            137      3.1393451
            138      3.1384961
            139      3.1193172
            140      3.1257448
            141      3.1221639
            142      3.1312914
            143      3.1275235
            144      3.1234254
            145      3.1381776
            146      3.1195808
            147      3.1307613
            148      3.1761558
            149      3.1368829
            150      3.1296282
            151      3.1248430
            152      3.1210671
            153      3.1251012
            154      3.1322006
            155      3.1175785
            156      3.1245670
            157      3.1157319
            158      3.1290359
            159      3.1206620
            160      3.1355706
            161      3.1264193
            162      3.1165580
            163      3.1249687
            164      3.1112321
            165      3.1163519
            166      3.1182579
            167      3.1253929
            168      3.1300520
            169      3.1147572
            170      3.1248774
            171      3.1153930
            172      3.1211428
            173      3.1092389
            174      3.1089129
            175      3.1159220
            176      3.1210956
            177      3.1199105
            178      3.1203032
            179      3.1164438
            180      3.1205876
            181      3.1107287
            182      3.1254224
            183      3.1183053
            184      3.1151328
            185      3.1043180
            186      3.1191812
            187      3.1253592
            188      3.1190099
            189      3.1049519
            190      3.1105895
            191      3.1214968
            192      3.1088495
            193      3.1021364
            194      3.1190186
            195      3.1107629
            196      3.1069373
            197      3.1113788
            198      3.1073297
            199      3.0926928
            200      3.1117345
            201      3.1086135
            202      3.1079277
            203      3.1078138
            204      3.1103321
            205      3.1038743
            206      3.1053697
            207      3.1174549
            208      3.1013153
            209      3.1111119
            210      3.0958182
            211      3.1093704
            212      3.0994799
            213      3.1056115
            214      3.1085902
            215      3.0946541
            216      3.1087632
            217      3.1062379
            218      3.1195261
            219      3.0972890
            220      3.0953238
            221      3.0912087
            222      3.0908376
            223      3.0941435
            224      3.1009236
            225      3.0887500
            226      3.1073501
            227      3.0954527
            228      3.1124825
            229      3.0850956
            230      3.0912816
            231      3.0981049
            232      3.1110910
            233      3.1075713
            234      3.0957572
            235      3.1042391
            236      3.0995682
            237      3.0932533
            238      3.0970590
            239      3.0955821
            240      3.0963807
            241      3.0917654
            242      3.0965542
            243      3.1002517
            244      3.0931080
            245      3.1101477
            246      3.0959562
            247      3.1032761
            248      3.0949775
            249      3.1084404
            250      3.1018633
            251      3.1046556
            252      3.0901971
            253      3.0933138
            254      3.0880585
            255      3.0867630
            256      3.0928010
            257      3.0908526
            258      3.0893753
            259      3.1163125
            260      3.0852529
            261      3.0971692
            262      3.1079505
            263      3.0903726
            264      3.0979694
            265      3.0815469
            266      3.0910857
            267      3.0934007
            268      3.0958284
            269      3.0989315
            270      3.0887366
            271      3.1023226
            272      3.0894405
            273      3.0974022
            274      3.0762033
            275      3.0841686
            276      3.0827680
            277      3.1079317
            278      3.0933276
            279      3.0958733
            280      3.0780289
            281      3.0923179
            282      3.1001238
            283      3.0938726
            284      3.0992590
            285      3.0880650
            286      3.0955799
            287      3.0896582
            288      3.0925401
            289      3.0913311
            290      3.0931394
            291      3.0939192
            292      3.0929271
            293      3.0879769
            294      3.0872145
            295      3.0970282
            296      3.0931611
            297      3.0936409
            298      3.0839738
            299      3.0903245
            300      3.0879106
            301      3.0943302
            302      3.0933872
            303      3.0899965
            304      3.0884437
            305      3.0812471
            306      3.0930890
            307      3.0864027
            308      3.0895121
            309      3.0784013
            310      3.0841240
            311      3.0868941
            312      3.0812428
            313      3.0819064
            314      3.0941949
            315      3.0955813
            316      3.0844838
            317      3.0849906
            318      3.0920762
            319      3.0831232
            320      3.0846280
            321      3.0874026
            322      3.0974664
            323      3.0785357
            324      3.0891619
            325      3.0853601
            326      3.0919854
            327      3.0929670
            328      3.0866249
            329      3.0764960
            330      3.0846676
            331      3.0911894
            332      3.0906084
            333      3.0985157
            334      3.0842974
            335      3.0865561
            336      3.0949297
            337      3.0858518
            338      3.0880170
            339      3.0827711
            340      3.0873552
            341      3.0897784
            342      3.0904002
            343      3.0877367
            344      3.0932516
            345      3.0837319
            346      3.0865995
            347      3.0830185
            348      3.0843217
            349      3.0926574
            350      3.0910840
            351      3.1153528
            352      3.0788649
            353      3.0978128
            354      3.0862609
            355      3.0791200
            356      3.0979008
            357      3.0902941
            358      3.0778559
            359      3.0868042
            360      3.0927216
            361      3.0837089
            362      3.0800278
            363      3.0880995
            364      3.0882611
            365      3.0851507
            366      3.0831602
            367      3.0749032
            368      3.0960305
            369      3.0824768
            370      3.0908192
            371      3.0851223
            372      3.0896560
            373      3.0887639
            374      3.0981832
            375      3.0898132
            376      3.0853455
            377      3.0857878
            378      3.0945719
            379      3.0881095
            380      3.0944876
            381      3.0766782
            382      3.0942942
            383      3.0844292
            384      3.0861151
            385      3.0915988
            386      3.0940708
            387      3.0932269
            388      3.0826631
            389      3.0835952
            390      3.0864409
            391      3.0776358
            392      3.0953735
            393      3.0785735
            394      3.0936981
            395      3.0749959
            396      3.0885724
            397      3.0881283
            398      3.0784581
            399      3.0705986
            400      3.0806388
            401      3.0858270
            402      3.0842379
            403      3.0832491
            404      3.0873886
            405      3.0835755
            406      3.0855854
            407      3.0933477
            408      3.0853749
            409      3.0880381
            410      3.0858542
            411      3.0834032
            412      3.0851886
            413      3.0964765
            414      3.0906480
            415      3.0832986
            416      3.0889824
            417      3.0938211
            418      3.0805465
            419      3.0779877
            420      3.0933349
            421      3.0979911
            422      3.0951869
            423      3.0847775
            424      3.0950660
            425      3.0846847
            426      3.0799148
            427      3.0874162
            428      3.0814599
            429      3.0987417
            430      3.0957163
            431      3.0943480
            432      3.0941054
            433      3.0880533
            434      3.0887394
            435      3.0847227
            436      3.0865107
            437      3.0851509
            438      3.0934946
            439      3.0755857
            440      3.0819610
            441      3.0856676
            442      3.0834699
            443      3.0972094
            444      3.0921774
            445      3.0836409
            446      3.0811961
            447      3.0748919
            448      3.0779654
            449      3.0922555
            450      3.0894384
            451      3.0957277
            452      3.0908024
            453      3.0885840
            454      3.0988451
            455      3.0837749
            456      3.0948758
            457      3.0897175
            458      3.0904209
            459      3.0929688
            460      3.0828931
            461      3.0900228
            462      3.0915139
            463      3.0860485
            464      3.0818138
            465      3.0845755
            466      3.0892024
            467      3.0810180
            468      3.0807287
            469      3.0877955
            470      3.0943657
            471      3.0913810
            472      3.0814728
            473      3.0845355
            474      3.0991743
            475      3.0767546
            476      3.0977684
            477      3.0884630
            478      3.0950079
            479      3.0836925
            480      3.0842045
            481      3.0822795
            482      3.0877785
            483      3.0883649
            484      3.0774309
            485      3.0922498
            486      3.0903169
            487      3.0801276
            488      3.0779308
            489      3.0907060
            490      3.0850482
            491      3.0920167
            492      3.0911238
            493      3.0909651
            494      3.0828417
            495      3.0937148
            496      3.0852035
            497      3.0987472
            498      3.0774670
            499      3.0955210
            500      3.0890319
