      Iteration         Energy
              1     0.62028410
              2     0.59823710
              3     0.59272233
              4     0.57614105
              5     0.57133377
              6     0.55718896
              7     0.55877903
              8     0.54459858
              9     0.54517697
             10     0.54018818
             11     0.53160024
             12     0.52999171
             13     0.53279008
             14     0.52688637
             15     0.52371666
             16     0.52055145
             17     0.51771828
             18     0.51321623
             19     0.51363441
             20     0.51621656
             21     0.51100785
             22     0.50746368
             23     0.50599265
             24     0.51028165
             25     0.50918968
             26     0.50813765
             27     0.50719087
             28     0.50606059
             29     0.50500475
             30     0.50572166
             31     0.50429001
             32     0.50390010
             33     0.50378909
             34     0.50167780
             35     0.50244078
             36     0.50289481
             37     0.50393808
             38     0.50151972
             39     0.50203652
             40     0.50230513
             41     0.50162381
             42     0.50104260
             43     0.50151654
             44     0.50110331
             45     0.50117290
             46     0.50031798
             47     0.50104697
             48     0.50032919
             49     0.50093483
             50     0.50135492
             51     0.50060480
             52     0.50019485
             53     0.50078503
             54     0.50096705
             55     0.50001334
             56     0.50075704
             57     0.50021318
             58     0.50014024
             59     0.50018412
             60     0.50061533
             61     0.50006254
             62     0.50015873
             63     0.50010037
             64     0.50031670
             65     0.50017095
             66     0.50065675
             67     0.49985138
             68     0.50025494
             69     0.50028678
             70     0.50027720
             71     0.50013495
             72     0.49993449
             73     0.50013817
             74     0.49997276
             75     0.50035107
             76     0.50024433
             77     0.50054900
             78     0.49993151
             79     0.50019579
             80     0.50026742
             81     0.50033322
             82     0.49997524
             83     0.50028256
             84     0.50019815
             85     0.49991192
             86     0.50002380
             87     0.50023674
             88     0.50012655
             89     0.50023274
             90     0.50010826
             91     0.50021273
             92     0.50015044
             93     0.50010916
             94     0.50018592
             95     0.50019769
             96     0.50014966
             97     0.49975686
             98     0.50027415
             99     0.50007009
            100     0.50002366
            101     0.50010529
            102     0.50002249
            103     0.50009193
            104     0.50025644
            105     0.49998882
            106     0.50008578
            107     0.50051876
            108     0.50009128
            109     0.50014053
            110     0.50009371
            111     0.49999760
            112     0.50030761
            113     0.50021542
            114     0.49991569
            115     0.49977662
            116     0.50000519
            117     0.50013409
            118     0.49984437
            119     0.50008957
            120     0.50003685
            121     0.49992640
            122     0.50012842
            123     0.50010710
            124     0.49976210
            125     0.49993845
            126     0.49985811
            127     0.50000985
            128     0.50006217
            129     0.50026056
            130     0.50021799
            131     0.49986432
            132     0.49996422
            133     0.49991236
            134     0.50026287
            135     0.50033002
            136     0.50018264
            137     0.50046342
            138     0.50003198
            139     0.50007707
            140     0.49999537
            141     0.49987713
            142     0.50021219
            143     0.49995896
            144     0.50013045
            145     0.50030994
            146     0.49993521
            147     0.49985652
            148     0.50024285
            149     0.49996304
            150     0.50013229
            151     0.50021762
            152     0.50007427
            153     0.50008113
            154     0.49997104
            155     0.50024364
            156     0.49999472
            157     0.50033523
            158     0.50040335
            159     0.50017796
            160     0.50024714
            161     0.50041389
            162     0.50019657
            163     0.50016601
            164     0.50014007
            165     0.49992424
            166     0.50020384
            167     0.50022951
            168     0.50005137
            169     0.49975904
            170     0.49990399
            171     0.50015379
            172     0.50004143
            173     0.50005873
            174     0.50024984
            175     0.50011996
            176     0.50049407
            177     0.49981419
            178     0.50046796
            179     0.50017962
            180     0.50016033
            181     0.50030615
            182     0.50012102
            183     0.50019596
            184     0.50020055
            185     0.50012609
            186     0.50005585
            187     0.50011844
            188     0.50006965
            189     0.50016748
            190     0.49973284
            191     0.49985133
            192     0.50024736
            193     0.50007240
            194     0.50042464
            195     0.49973059
            196     0.50015522
            197     0.49977838
            198     0.49953851
            199     0.50006337
            200     0.49997993
            201     0.50027307
            202     0.49996178
            203     0.50035967
            204     0.50018362
            205     0.50035887
            206     0.50042357
            207     0.50010503
            208     0.49998176
            209     0.50031546
            210     0.50009261
            211     0.49997446
            212     0.49975287
            213     0.50017074
            214     0.49999028
            215     0.50016027
            216     0.50040243
            217     0.50022787
            218     0.50002011
            219     0.50008021
            220     0.50023352
            221     0.49987741
            222     0.50004860
            223     0.50000083
            224     0.49994687
            225     0.50006612
            226     0.50021308
            227     0.49997315
            228     0.50027762
            229     0.50022565
            230     0.50008502
            231     0.50003977
            232     0.49991538
            233     0.50014470
            234     0.49987619
            235     0.49969048
            236     0.50037575
            237     0.50045133
            238     0.50002991
            239     0.50002169
            240     0.49996277
            241     0.49988691
            242     0.50008594
            243     0.49993591
            244     0.50018641
            245     0.50016713
            246     0.49992427
            247     0.50004761
            248     0.50007910
            249     0.49986801
            250     0.50035726
            251     0.50021237
            252     0.50004941
            253     0.50021522
            254     0.50002983
            255     0.49995519
            256     0.49975347
            257     0.49992212
            258     0.50051681
            259     0.50003535
            260     0.49996263
            261     0.50018086
            262     0.50037731
            263     0.50012574
            264     0.49996703
            265     0.50002030
            266     0.50024093
            267     0.50020034
            268     0.49992904
            269     0.50016379
            270     0.50003933
            271     0.50030058
            272     0.50009700
            273     0.50029973
            274     0.49990796
            275     0.50028872
            276     0.50000007
            277     0.50017327
            278     0.50059546
            279     0.50030459
            280     0.49987045
            281     0.50011750
            282     0.49995169
            283     0.50009647
            284     0.49976633
            285     0.50019730
            286     0.49994121
            287     0.50026786
            288     0.50032286
            289     0.49981550
            290     0.50021532
            291     0.50016080
            292     0.49980453
            293     0.49993532
            294     0.49992141
            295     0.50014392
            296     0.50026683
            297     0.50001811
            298     0.50038805
            299     0.49986165
            300     0.50017065
            301     0.50021751
            302     0.49996052
            303     0.49993787
            304     0.50015265
            305     0.49997063
            306     0.50010826
            307     0.50005867
            308     0.49989687
            309     0.50003476
            310     0.50026017
            311     0.50008579
            312     0.49993162
            313     0.50010378
            314     0.50021139
            315     0.49995476
            316     0.50014797
            317     0.50042613
            318     0.50019801
            319     0.49968660
            320     0.50003858
            321     0.50051049
            322     0.50013511
            323     0.50017267
            324     0.50028875
            325     0.49991825
            326     0.50018145
            327     0.50035153
            328     0.50046310
            329     0.50022857
            330     0.50004480
            331     0.50038825
            332     0.50030406
            333     0.49984393
            334     0.49974715
            335     0.49989344
            336     0.50022918
            337     0.50004573
            338     0.49986273
            339     0.50030155
            340     0.49990504
            341     0.49984855
            342     0.49992901
            343     0.50032584
            344     0.50021908
            345     0.50009440
            346     0.50006921
            347     0.49999207
            348     0.50005453
            349     0.49989246
            350     0.50016102
            351     0.50007374
            352     0.50015966
            353     0.49995296
            354     0.50013833
            355     0.50011824
            356     0.50005596
            357     0.50042828
            358     0.49998738
            359     0.49998817
            360     0.50023359
            361     0.49992622
            362     0.50001180
            363     0.50019082
            364     0.49999422
            365     0.50002744
            366     0.49979145
            367     0.50011071
            368     0.49997013
            369     0.50016090
            370     0.50008671
            371     0.50008627
            372     0.50007026
            373     0.49998150
            374     0.50002801
            375     0.50015584
            376     0.50011484
            377     0.50007324
            378     0.50017308
            379     0.49997940
            380     0.50008190
            381     0.50004790
            382     0.49987223
            383     0.50011206
            384     0.50055668
            385     0.50005007
            386     0.49996852
            387     0.49999844
            388     0.50018924
            389     0.50002920
            390     0.49993833
            391     0.50021947
            392     0.50007587
            393     0.50014915
            394     0.50032077
            395     0.49995809
            396     0.50021681
            397     0.50007231
            398     0.50056128
            399     0.49992658
            400     0.50021756
            401     0.50008963
            402     0.50029254
            403     0.50016656
            404     0.50043375
            405     0.49970839
            406     0.50001794
            407     0.50013433
            408     0.50022022
            409     0.50001075
            410     0.50011923
            411     0.50023680
            412     0.50000544
            413     0.50001059
            414     0.50032949
            415     0.50006993
            416     0.50006648
            417     0.50020195
            418     0.50033681
            419     0.49990615
            420     0.50004827
            421     0.50038803
            422     0.49994708
            423     0.50015189
            424     0.50026534
            425     0.49988567
            426     0.49967804
            427     0.49998702
            428     0.50018433
            429     0.49977844
            430     0.50033057
            431     0.50020436
            432     0.49998782
            433     0.49987550
            434     0.50042723
            435     0.50010655
            436     0.49989557
            437     0.50003611
            438     0.49998580
            439     0.49998493
            440     0.49981285
            441     0.49973762
            442     0.49998133
            443     0.50001060
            444     0.49999551
            445     0.50027858
            446     0.50030786
            447     0.50037734
            448     0.50012781
            449     0.49992994
            450     0.49992251
            451     0.50003199
            452     0.50027798
            453     0.50022131
            454     0.50012741
            455     0.49999370
            456     0.50017010
            457     0.50024367
            458     0.50014041
            459     0.50004034
            460     0.49974826
            461     0.50035485
            462     0.50033827
            463     0.50004068
            464     0.49998837
            465     0.50025148
            466     0.50025526
            467     0.50000452
            468     0.50002288
            469     0.50019868
            470     0.50011035
            471     0.50011505
            472     0.50000471
            473     0.49989001
            474     0.50019120
            475     0.50015124
            476     0.50021687
            477     0.50001688
            478     0.50008356
            479     0.50021716
            480     0.50029396
            481     0.49999722
            482     0.49986099
            483     0.50002588
            484     0.50010545
            485     0.50028646
            486     0.49986957
            487     0.49996342
            488     0.50004166
            489     0.49996682
            490     0.49995089
            491     0.50009093
            492     0.50016773
            493     0.49999547
            494     0.50025806
            495     0.50008858
            496     0.50027061
            497     0.50040696
            498     0.50015965
            499     0.49996781
            500     0.49994871
