      Iteration         Energy
              1     0.59983053
              2     0.51541304
              3     0.51396430
              4     0.51475012
              5     0.50919979
              6     0.50889720
              7     0.51236526
              8     0.51210365
              9     0.50799106
             10     0.50899064
             11     0.51031162
             12     0.51028392
             13     0.50817231
             14     0.50910204
             15     0.50783707
             16     0.50900266
             17     0.50651222
             18     0.50533089
             19     0.50657910
             20     0.50706340
             21     0.50774397
             22     0.50735909
             23     0.50503308
             24     0.50896659
             25     0.50657794
             26     0.50440035
             27     0.50604250
             28     0.50726704
             29     0.50826670
             30     0.50568612
             31     0.50651390
             32     0.50618922
             33     0.50608797
             34     0.50539057
             35     0.50439613
             36     0.50313213
             37     0.50340792
             38     0.50419679
             39     0.50531554
             40     0.50520692
             41     0.50351190
             42     0.50422524
             43     0.50310494
             44     0.50323763
             45     0.50392075
             46     0.50343950
             47     0.50337953
             48     0.50194616
             49     0.50262666
             50     0.50316969
             51     0.50364806
             52     0.50387314
             53     0.50441762
             54     0.50432651
             55     0.50268530
             56     0.50434601
             57     0.50274221
             58     0.50286429
             59     0.50287660
             60     0.50354459
             61     0.50374083
             62     0.50117627
             63     0.50146589
             64     0.50419721
             65     0.50211008
             66     0.50292503
             67     0.50238025
             68     0.50384635
             69     0.50253035
             70     0.50158100
             71     0.50262903
             72     0.50370923
             73     0.50329829
             74     0.50331858
             75     0.50129617
             76     0.50340559
             77     0.50197337
             78     0.50108307
             79     0.50223283
             80     0.50187198
             81     0.50309828
             82     0.50318437
             83     0.50290133
             84     0.50288342
             85     0.50193651
             86     0.50301058
             87     0.50070613
             88     0.50240784
             89     0.50296355
             90     0.50296639
             91     0.50253690
             92     0.50184263
             93     0.50179926
             94     0.50248974
             95     0.50097993
             96     0.50116939
             97     0.50191023
             98     0.50233754
             99     0.50122905
            100     0.50198040
            101     0.50156638
            102     0.50121831
            103     0.50150786
            104     0.50243858
            105     0.50177346
            106     0.50250836
            107     0.50116566
            108     0.50163165
            109     0.50078305
            110     0.50194106
            111     0.50079443
            112     0.50249678
            113     0.50090764
            114     0.50251554
            115     0.50247269
            116     0.50199310
            117     0.50064867
            118     0.50072361
            119     0.50150994
            120     0.50240473
            121     0.49951899
            122     0.50161958
            123     0.50040378
            124     0.50070689
            125     0.50180097
            126     0.50174261
            127     0.50167915
            128     0.50132517
            129     0.50183609
            130     0.50190924
            131     0.50111284
            132     0.50104181
            133     0.50171017
            134     0.50154759
            135     0.50164493
            136     0.50247828
            137     0.50087642
            138     0.50094977
            139     0.50185422
            140     0.50138337
            141     0.50092883
            142     0.50156379
            143     0.50086379
            144     0.50113637
            145     0.50096912
            146     0.50106967
            147     0.50003067
            148     0.50022324
            149     0.50129693
            150     0.50160412
            151     0.50041591
            152     0.50100569
            153     0.50098839
            154     0.50086299
            155     0.50207644
            156     0.50117470
            157     0.50098656
            158     0.50112019
            159     0.50137835
            160     0.50047439
            161     0.50106479
            162     0.50059620
            163     0.50218572
            164     0.50140147
            165     0.50086861
            166     0.50129781
            167     0.50085993
            168     0.50080985
            169     0.50063203
            170     0.50122185
            171     0.50102601
            172     0.50121791
            173     0.50084131
            174     0.50208029
            175     0.50069513
            176     0.50067521
            177     0.50088905
            178     0.50073431
            179     0.50031450
            180     0.49989964
            181     0.50054894
            182     0.50023883
            183     0.50135800
            184     0.50081009
            185     0.50029116
            186     0.50191452
            187     0.50110950
            188     0.50132030
            189     0.50069486
            190     0.50025490
            191     0.50058882
            192     0.50076170
            193     0.50033531
            194     0.50071979
            195     0.50040345
            196     0.49971879
            197     0.50180744
            198     0.50115553
            199     0.50024965
            200     0.50131781
            201     0.50016328
            202     0.50078747
            203     0.50106320
            204     0.50050010
            205     0.50061052
            206     0.50065489
            207     0.50124680
            208     0.50098804
            209     0.50066960
            210     0.50032193
            211     0.50093095
            212     0.50091846
            213     0.50023282
            214     0.50052600
            215     0.50048235
            216     0.50084711
            217     0.50003839
            218     0.50010699
            219     0.50064331
            220     0.50109001
            221     0.50022632
            222     0.50058883
            223     0.50025375
            224     0.49979972
            225     0.50070518
            226     0.50055399
            227     0.50013341
            228     0.50070006
            229     0.50021663
            230     0.50042657
            231     0.50089794
            232     0.50102249
            233     0.50025101
            234     0.50043779
            235     0.50061426
            236     0.50073812
            237     0.50117994
            238     0.50062295
            239     0.50146378
            240     0.50122870
            241     0.50060316
            242     0.50117916
            243     0.50076689
            244     0.49988477
            245     0.50050773
            246     0.50088078
            247     0.50068557
            248     0.50071969
            249     0.50039509
            250     0.50119258
            251     0.49982843
            252     0.50097580
            253     0.50028253
            254     0.50063263
            255     0.50017742
            256     0.50100387
            257     0.49997225
            258     0.50118002
            259     0.50075583
            260     0.50087613
            261     0.50070041
            262     0.50029535
            263     0.49994080
            264     0.50006477
            265     0.50115798
            266     0.50109564
            267     0.50016913
            268     0.50097136
            269     0.50100204
            270     0.50054118
            271     0.50014142
            272     0.50060107
            273     0.50066540
            274     0.50074963
            275     0.50054447
            276     0.50065509
            277     0.50077222
            278     0.50075006
            279     0.50066068
            280     0.50044510
            281     0.50024507
            282     0.50067087
            283     0.50076423
            284     0.50001401
            285     0.50036418
            286     0.50068663
            287     0.49999118
            288     0.50052759
            289     0.50037855
            290     0.50017508
            291     0.50032597
            292     0.50046750
            293     0.49968396
            294     0.50031196
            295     0.50030397
            296     0.50042229
            297     0.50028314
            298     0.50091399
            299     0.50015276
            300     0.50110514
            301     0.50035431
            302     0.50012743
            303     0.50065553
            304     0.50105201
            305     0.50005474
            306     0.50034008
            307     0.50077856
            308     0.50045978
            309     0.50066556
            310     0.50058763
            311     0.49974907
            312     0.50037792
            313     0.50015440
            314     0.50020478
            315     0.50030113
            316     0.49999385
            317     0.50010809
            318     0.50009878
            319     0.50071482
            320     0.50068430
            321     0.49996670
            322     0.50055589
            323     0.50101134
            324     0.50054119
            325     0.50049851
            326     0.50013097
            327     0.49979261
            328     0.50059769
            329     0.50022588
            330     0.50086172
            331     0.50030546
            332     0.50078669
            333     0.50018333
            334     0.50056525
            335     0.50062522
            336     0.50037901
            337     0.50025711
            338     0.49987104
            339     0.50042618
            340     0.50055129
            341     0.50045619
            342     0.50067337
            343     0.49994689
            344     0.49995535
            345     0.49999077
            346     0.50081221
            347     0.50056404
            348     0.50029039
            349     0.49990492
            350     0.49984433
            351     0.50044911
            352     0.50044477
            353     0.50025696
            354     0.49988902
            355     0.49986775
            356     0.50011805
            357     0.50048816
            358     0.50031128
            359     0.50039850
            360     0.50051174
            361     0.50051046
            362     0.50051458
            363     0.50056856
            364     0.50014883
            365     0.50015053
            366     0.50035276
            367     0.50031210
            368     0.50045851
            369     0.50062720
            370     0.50055696
            371     0.50015320
            372     0.50056259
            373     0.50028901
            374     0.50017179
            375     0.50004427
            376     0.49978498
            377     0.50003392
            378     0.50022641
            379     0.50033150
            380     0.50037127
            381     0.50055733
            382     0.50066479
            383     0.50001919
            384     0.49994651
            385     0.50080178
            386     0.50027214
            387     0.50038189
            388     0.50055202
            389     0.50040807
            390     0.50037018
            391     0.50015304
            392     0.50051117
            393     0.50059606
            394     0.50020898
            395     0.50012543
            396     0.49966342
            397     0.50051073
            398     0.50026498
            399     0.50003986
            400     0.50010404
            401     0.50036606
            402     0.50015969
            403     0.50006430
            404     0.50029609
            405     0.49987773
            406     0.50032550
            407     0.50029008
            408     0.50007685
            409     0.50011042
            410     0.50042145
            411     0.50039456
            412     0.50017567
            413     0.50039617
            414     0.50035721
            415     0.50017366
            416     0.50019732
            417     0.49984502
            418     0.50022702
            419     0.49994599
            420     0.50040027
            421     0.50038473
            422     0.50019176
            423     0.50036077
            424     0.49995130
            425     0.49999157
            426     0.49979173
            427     0.50065300
            428     0.50020903
            429     0.50051472
            430     0.50023723
            431     0.50024432
            432     0.49993967
            433     0.50031146
            434     0.50052535
            435     0.50053304
            436     0.50049792
            437     0.50011708
            438     0.50000406
            439     0.50024481
            440     0.50023940
            441     0.50062517
            442     0.50038312
            443     0.50084151
            444     0.49965938
            445     0.50050568
            446     0.50037965
            447     0.50010884
            448     0.50027675
            449     0.50062584
            450     0.50061694
            451     0.50054163
            452     0.50001792
            453     0.50004608
            454     0.49988947
            455     0.50037011
            456     0.50046117
            457     0.50026898
            458     0.50002694
            459     0.49960338
            460     0.50017468
            461     0.50051653
            462     0.50007137
            463     0.50031543
            464     0.50010351
            465     0.50039900
            466     0.49983123
            467     0.50012527
            468     0.50085737
            469     0.50003687
            470     0.50020680
            471     0.50032632
            472     0.49989727
            473     0.50030577
            474     0.50043377
            475     0.50006785
            476     0.50025384
            477     0.49999699
            478     0.50045408
            479     0.50035171
            480     0.50042028
            481     0.50012253
            482     0.50038187
            483     0.50038943
            484     0.49967458
            485     0.50039834
            486     0.50013964
            487     0.50049754
            488     0.49980232
            489     0.50050708
            490     0.50011139
            491     0.50000943
            492     0.50018727
            493     0.50021795
            494     0.50058071
            495     0.50011479
            496     0.50044504
            497     0.50008877
            498     0.50020226
            499     0.49975436
            500     0.50001675
