      Iteration         Energy
              1      1.0065374
              2     0.80775338
              3     0.68746278
              4     0.62602050
              5     0.59301999
              6     0.56512394
              7     0.54482345
              8     0.53447153
              9     0.52865507
             10     0.51707252
             11     0.51482252
             12     0.50933450
             13     0.50896272
             14     0.50620172
             15     0.50952848
             16     0.50794446
             17     0.50323238
             18     0.50436041
             19     0.50354005
             20     0.50314785
             21     0.50345779
             22     0.50490167
             23     0.50170333
             24     0.50180541
             25     0.50245869
             26     0.50359655
             27     0.50244896
             28     0.50225738
             29     0.50396911
             30     0.50229068
             31     0.50439209
             32     0.50283479
             33     0.50272448
             34     0.50400640
             35     0.50242621
             36     0.50239831
             37     0.50198339
             38     0.50326778
             39     0.50268214
             40     0.50139669
             41     0.50419411
             42     0.50384943
             43     0.50364124
             44     0.50336926
             45     0.50344114
             46     0.50178648
             47     0.50362489
             48     0.50203204
             49     0.50152082
             50     0.50227470
             51     0.50236083
             52     0.50354993
             53     0.50182391
             54     0.50257156
             55     0.50212336
             56     0.50224416
             57     0.50134642
             58     0.50280005
             59     0.50243263
             60     0.50243657
             61     0.50177150
             62     0.50196163
             63     0.50198004
             64     0.50210919
             65     0.50305588
             66     0.50095390
             67     0.50185339
             68     0.50168438
             69     0.50175365
             70     0.50040689
             71     0.50477567
             72     0.50210856
             73     0.50346062
             74     0.50269288
             75     0.50185282
             76     0.50245213
             77     0.50173414
             78     0.50051320
             79     0.50294277
             80     0.50221731
             81     0.50223910
             82     0.50161043
             83     0.50117997
             84     0.50404859
             85     0.50150863
             86     0.50308764
             87     0.50204127
             88     0.50301664
             89     0.50154036
             90     0.50096718
             91     0.50208528
             92     0.50224006
             93     0.50207893
             94     0.50316911
             95     0.50268904
             96     0.50384601
             97     0.50155485
             98     0.50161239
             99     0.50187806
            100     0.50315957
            101     0.50168857
            102     0.50193389
            103     0.50196760
            104     0.50111633
            105     0.50353419
            106     0.50230919
            107     0.50153697
            108     0.50329562
            109     0.50211411
            110     0.50025575
            111     0.50169614
            112     0.50194275
            113     0.50221249
            114     0.50248779
            115     0.50130688
            116     0.50282267
            117     0.50189408
            118     0.50213797
            119     0.50188169
            120     0.50173161
            121     0.50125663
            122     0.50123750
            123     0.50212277
            124     0.50337758
            125     0.50272701
            126     0.50292406
            127     0.50228227
            128     0.50271034
            129     0.50119304
            130     0.50252415
            131     0.50275651
            132     0.50011545
            133     0.50091510
            134     0.50384182
            135     0.50272392
            136     0.50132604
            137     0.50246026
            138     0.50197254
            139     0.50162061
            140     0.50067559
            141     0.50229161
            142     0.50081261
            143     0.50292628
            144     0.50205718
            145     0.50118570
            146     0.50243093
            147     0.50250150
            148     0.50168105
            149     0.50170462
            150     0.50266231
            151     0.50315831
            152     0.50355724
            153     0.50286797
            154     0.50205403
            155     0.50158930
            156     0.50139844
            157     0.50124904
            158     0.50263741
            159     0.50227056
            160     0.50166756
            161     0.50263818
            162     0.50165550
            163     0.50167930
            164     0.50247383
            165     0.50230182
            166     0.50226507
            167     0.50228532
            168     0.50273056
            169     0.50229468
            170     0.50174303
            171     0.50109041
            172     0.50119771
            173     0.50221003
            174     0.50180131
            175     0.50248073
            176     0.50133000
            177     0.50080836
            178     0.50065538
            179     0.50278520
            180     0.50248328
            181     0.50245279
            182     0.50077784
            183     0.50123478
            184     0.50222119
            185     0.50168613
            186     0.50085744
            187     0.50028961
            188     0.50049629
            189     0.50113661
            190     0.50133761
            191     0.50155058
            192     0.50250030
            193     0.50172599
            194     0.50112391
            195     0.50273772
            196     0.50127693
            197     0.50170935
            198     0.50182485
            199     0.50075706
            200     0.50146262
            201     0.50300937
            202     0.50215311
            203     0.50142937
            204     0.50080420
            205     0.50091127
            206     0.50164328
            207     0.50199385
            208     0.50097317
            209     0.50267338
            210     0.50294432
            211     0.50223275
            212     0.50139871
            213     0.50159071
            214     0.50192956
            215     0.50253372
            216     0.50272830
            217     0.50002602
            218     0.50124339
            219     0.50146087
            220     0.50069985
            221     0.50155375
            222     0.50122189
            223     0.50124001
            224     0.50176591
            225     0.50085202
            226     0.50075621
            227     0.50091416
            228     0.50176421
            229     0.50103416
            230     0.50223859
            231     0.50145527
            232     0.50201710
            233     0.50090416
            234     0.50158944
            235     0.50102433
            236     0.50167647
            237     0.50167446
            238     0.50290413
            239     0.50159831
            240     0.50195165
            241     0.50123162
            242     0.50106140
            243     0.50144060
            244     0.50204298
            245     0.50002550
            246     0.50162825
            247     0.50193449
            248     0.50217440
            249     0.50099342
            250     0.50131577
            251     0.50174546
            252     0.50202641
            253     0.50195613
            254     0.50225949
            255     0.50180379
            256     0.50075588
            257     0.50139214
            258     0.50083926
            259     0.50073263
            260     0.50139343
            261     0.50122640
            262     0.50177607
            263     0.50122360
            264     0.50169577
            265     0.50124778
            266     0.50050803
            267     0.50072200
            268     0.50001527
            269     0.50224213
            270     0.50153490
            271     0.50138236
            272     0.50234341
            273     0.50128164
            274     0.50162013
            275     0.50123449
            276     0.50219120
            277     0.50042118
            278     0.50132674
            279     0.50202039
            280     0.50076580
            281     0.50103799
            282     0.50219572
            283     0.50133073
            284     0.50150201
            285     0.50132659
            286     0.50286258
            287     0.50313022
            288     0.50145847
            289     0.50151108
            290     0.50084046
            291     0.50012390
            292     0.50094377
            293     0.50086317
            294     0.50131209
            295     0.50104057
            296     0.50080060
            297     0.50134328
            298     0.50116930
            299     0.50017840
            300     0.50005972
            301     0.50093295
            302     0.50196131
            303     0.50047757
            304     0.50073072
            305     0.50135569
            306     0.50082314
            307     0.50095482
            308     0.50164296
            309     0.50117623
            310     0.50152775
            311     0.50098179
            312     0.50124893
            313     0.50120977
            314     0.50107561
            315     0.50032459
            316     0.50237502
            317     0.50081328
            318     0.50208143
            319     0.50194293
            320     0.50241207
            321     0.50155117
            322     0.50110171
            323     0.50141663
            324     0.50040304
            325     0.50236181
            326     0.50090909
            327     0.50095949
            328     0.50033778
            329     0.50129156
            330     0.50097921
            331     0.50229927
            332     0.50038022
            333     0.50145086
            334     0.50138292
            335     0.50125263
            336     0.50203179
            337     0.50192603
            338     0.50200882
            339     0.50076098
            340     0.50108257
            341     0.50218569
            342     0.50159522
            343     0.50060612
            344     0.50175252
            345     0.50044474
            346     0.50159373
            347     0.50132560
            348     0.50129912
            349     0.50113427
            350     0.50019964
            351     0.50144559
            352     0.50126119
            353     0.50032484
            354     0.50100911
            355     0.50158098
            356     0.50138091
            357     0.50063783
            358     0.50138872
            359     0.50138178
            360     0.50128746
            361     0.50123786
            362     0.50167133
            363     0.50173582
            364     0.50060106
            365     0.49986552
            366     0.50089746
            367     0.50117159
            368     0.50126950
            369     0.50187348
            370     0.50128164
            371     0.50109643
            372     0.50177101
            373     0.50209435
            374     0.50022772
            375     0.50129685
            376     0.50139471
            377     0.50147085
            378     0.50208994
            379     0.50160212
            380     0.50190073
            381     0.49954779
            382     0.50079064
            383     0.50117675
            384     0.50088064
            385     0.50088349
            386     0.50129292
            387     0.50189365
            388     0.50064507
            389     0.50076026
            390     0.50154280
            391     0.50134735
            392     0.50098053
            393     0.50145802
            394     0.50075241
            395     0.50150466
            396     0.50125057
            397     0.50132293
            398     0.50050083
            399     0.50081784
            400     0.50015159
            401     0.50183189
            402     0.50100450
            403     0.50135788
            404     0.50139457
            405     0.50064339
            406     0.50105474
            407     0.50109692
            408     0.50224596
            409     0.50148373
            410     0.50130924
            411     0.49984833
            412     0.50006819
            413     0.50094323
            414     0.50087662
            415     0.50096105
            416     0.50155521
            417     0.50064891
            418     0.50056927
            419     0.50136571
            420     0.50039881
            421     0.50089455
            422     0.50077434
            423     0.50066365
            424     0.50110023
            425     0.50152362
            426     0.50073303
            427     0.50151987
            428     0.50139340
            429     0.50229952
            430     0.50075212
            431     0.50092850
            432     0.50174518
            433     0.50163987
            434     0.50029668
            435     0.50154678
            436     0.49962197
            437     0.50107785
            438     0.50236037
            439     0.50064694
            440     0.50082067
            441     0.50141284
            442     0.50132328
            443     0.50089936
            444     0.50038283
            445     0.50135248
            446     0.50014089
            447     0.50120786
            448     0.50061075
            449     0.50047445
            450     0.50187235
            451     0.50133159
            452     0.50027800
            453     0.50041849
            454     0.50073125
            455     0.50086358
            456     0.50010447
            457     0.50269997
            458     0.50087966
            459     0.50176267
            460     0.50065121
            461     0.50174301
            462     0.50055718
            463     0.50081248
            464     0.50138028
            465     0.50089971
            466     0.50084127
            467     0.50112574
            468     0.50132871
            469     0.50178316
            470     0.50010278
            471     0.50030638
            472     0.50219315
            473     0.50085813
            474     0.50023689
            475     0.50111205
            476     0.50126213
            477     0.50210924
            478     0.50044232
            479     0.50081835
            480     0.50090181
            481     0.50116635
            482     0.50131757
            483     0.50097646
            484     0.50001184
            485     0.50115684
            486     0.50072769
            487     0.50080091
            488     0.50177383
            489     0.50074716
            490     0.50056960
            491     0.50077499
            492     0.50071742
            493     0.50155843
            494     0.50104346
            495     0.50061786
            496     0.50185109
            497     0.50126729
            498     0.50112534
            499     0.50072884
            500     0.49947529
