      Iteration         Energy
              1      3.3449130
              2      3.2723855
              3      3.2167067
              4      3.1663534
              5      3.1939502
              6      3.2025977
              7      3.1818492
              8      3.1935832
              9      3.1866734
             10      3.1919272
             11      3.1991039
             12      3.1904632
             13      3.1597751
             14      3.1911686
             15      3.1807311
             16      3.2070489
             17      3.1466596
             18      3.1691862
             19      3.1946015
             20      3.1811025
             21      3.1748911
             22      3.1647776
             23      3.1748197
             24      3.1308187
             25      3.1771041
             26      3.1905644
             27      3.1627426
             28      3.1308499
             29      3.1592176
             30      3.1552527
             31      3.1692163
             32      3.1619365
             33      3.1585026
             34      3.1313193
             35      3.1460512
             36      3.1707287
             37      3.1381211
             38      3.1476787
             39      3.1549963
             40      3.1435683
             41      3.1452266
             42      3.1182497
             43      3.1506056
             44      3.0980419
             45      3.1658357
             46      3.1237539
             47      3.1316581
             48      3.1191686
             49      3.1245715
             50      3.1350375
             51      3.1284743
             52      3.1000432
             53      3.1147897
             54      3.1087099
             55      3.1116728
             56      3.1196109
             57      3.0988375
             58      3.1011196
             59      3.1056289
             60      3.1053731
             61      3.1007108
             62      3.1081354
             63      3.1176157
             64      3.1254042
             65      3.1013275
             66      3.0831042
             67      3.0854445
             68      3.0987981
             69      3.1149637
             70      3.0814627
             71      3.1037612
             72      3.1114453
             73      3.0767516
             74      3.0906301
             75      3.1088688
             76      3.0907383
             77      3.0938942
             78      3.0967818
             79      3.0998267
             80      3.0995847
             81      3.1021197
             82      3.0873236
             83      3.1178534
             84      3.0976327
             85      3.0870904
             86      3.0997879
             87      3.0887234
             88      3.0750698
             89      3.0746948
             90      3.1035264
             91      3.0575524
             92      3.0921942
             93      3.0671812
             94      3.0971462
             95      3.1167537
             96      3.0800347
             97      3.0683582
             98      3.0827601
             99      3.0714807
            100      3.0767303
            101      3.0788313
            102      3.0964927
            103      3.1010548
            104      3.0937491
            105      3.0948946
            106      3.0923824
            107      3.0848771
            108      3.0858343
            109      3.0915939
            110      3.0877433
            111      3.0910728
            112      3.0953345
            113      3.0851403
            114      3.1000765
            115      3.0926685
            116      3.0700720
            117      3.0850089
            118      3.1079408
            119      3.0695516
            120      3.0979328
            121      3.0851050
            122      3.0993971
            123      3.0928603
            124      3.0937775
            125      3.0911956
            126      3.0735659
            127      3.0992006
            128      3.0781131
            129      3.0902796
            130      3.0666672
            131      3.0932484
            132      3.0982550
            133      3.0868033
            134      3.0871168
            135      3.0930983
            136      3.0949182
            137      3.0860162
            138      3.0825804
            139      3.0941066
            140      3.0849688
            141      3.0847644
            142      3.0752509
            143      3.1049043
            144      3.0903717
            145      3.1021692
            146      3.0851548
            147      3.0753535
            148      3.1040507
            149      3.0841399
            150      3.0907328
            151      3.0816684
            152      3.0707362
            153      3.0972270
            154      3.0764321
            155      3.0859472
            156      3.0938571
            157      3.0835160
            158      3.1029565
            159      3.0983081
            160      3.0952931
            161      3.0965811
            162      3.0771808
            163      3.0944395
            164      3.0954442
            165      3.1015046
            166      3.0862766
            167      3.1027800
            168      3.0957785
            169      3.0918700
            170      3.1063734
            171      3.0792846
            172      3.0895501
            173      3.0789104
            174      3.0829196
            175      3.0858570
            176      3.0934494
            177      3.1017226
            178      3.0936325
            179      3.0920898
            180      3.1091988
            181      3.0953596
            182      3.0974874
            183      3.1025809
            184      3.0852505
            185      3.0812387
            186      3.0968731
            187      3.0654872
            188      3.0849317
            189      3.0764194
            190      3.0993533
            191      3.1029589
            192      3.0908558
            193      3.0946017
            194      3.0845323
            195      3.0680158
            196      3.0825702
            197      3.0954617
            198      3.0791067
            199      3.0788570
            200      3.0728475
            201      3.0716273
            202      3.0858551
            203      3.0897571
            204      3.0948445
            205      3.1072151
            206      3.0879227
            207      3.0760868
            208      3.0988885
            209      3.1040262
            210      3.0791124
            211      3.0874309
            212      3.1047877
            213      3.0737186
            214      3.0922116
            215      3.0957485
            216      3.0910344
            217      3.0976514
            218      3.0992651
            219      3.0840915
            220      3.0942439
            221      3.1018936
            222      3.0797544
            223      3.0773137
            224      3.0982253
            225      3.0776177
            226      3.0978347
            227      3.0968344
            228      3.0772841
            229      3.1057733
            230      3.0906560
            231      3.1030711
            232      3.1069619
            233      3.0928766
            234      3.0808922
            235      3.0863362
            236      3.1190919
            237      3.0848985
            238      3.0659084
            239      3.1021818
            240      3.1351669
            241      3.0803944
            242      3.0868570
            243      3.1028193
            244      3.0896030
            245      3.0821690
            246      3.0803407
            247      3.0979552
            248      3.0764769
            249      3.0944181
            250      3.0989127
            251      3.1012137
            252      3.0958423
            253      3.1239769
            254      3.1015964
            255      3.0797604
            256      3.0953659
            257      3.0946126
            258      3.0735461
            259      3.0852693
            260      3.0756269
            261      3.0940700
            262      3.1077651
            263      3.0796131
            264      3.0874376
            265      3.0810401
            266      3.0756889
            267      3.0968432
            268      3.0696444
            269      3.0794209
            270      3.0871131
            271      3.0623599
            272      3.0693374
            273      3.0876217
            274      3.0878843
            275      3.0827448
            276      3.0771509
            277      3.1019265
            278      3.1134526
            279      3.0720432
            280      3.0956397
            281      3.0903010
            282      3.0707001
            283      3.0760622
            284      3.0944341
            285      3.0993313
            286      3.0831898
            287      3.0728733
            288      3.0980039
            289      3.0960001
            290      3.0870844
            291      3.0971587
            292      3.0985139
            293      3.1084254
            294      3.0803819
            295      3.0766760
            296      3.0628317
            297      3.0838288
            298      3.0931203
            299      3.0836288
            300      3.0819891
            301      3.0802273
            302      3.0940128
            303      3.0938796
            304      3.0847799
            305      3.0946539
            306      3.0841453
            307      3.1015138
            308      3.0775087
            309      3.0770418
            310      3.0742531
            311      3.0937896
            312      3.1045970
            313      3.0780331
            314      3.0915272
            315      3.0977270
            316      3.0976896
            317      3.0896783
            318      3.1048620
            319      3.0983338
            320      3.0906742
            321      3.0926135
            322      3.1010784
            323      3.0911111
            324      3.0989218
            325      3.0795599
            326      3.0891374
            327      3.0776611
            328      3.0713921
            329      3.1003193
            330      3.1027586
            331      3.1097157
            332      3.1138680
            333      3.0705661
            334      3.0980826
            335      3.0735382
            336      3.0713025
            337      3.1063612
            338      3.1004715
            339      3.0895644
            340      3.0821276
            341      3.1131617
            342      3.0813196
            343      3.0957995
            344      3.0834038
            345      3.0937957
            346      3.1218410
            347      3.0971655
            348      3.0632741
            349      3.1070721
            350      3.0627901
            351      3.0823810
            352      3.0891750
            353      3.0832536
            354      3.1055106
            355      3.0961911
            356      3.0720290
            357      3.0879717
            358      3.0799807
            359      3.0930338
            360      3.0823852
            361      3.0848954
            362      3.0824921
            363      3.0946000
            364      3.0846319
            365      3.0886572
            366      3.0908892
            367      3.0654620
            368      3.0954967
            369      3.1012044
            370      3.0822935
            371      3.0708860
            372      3.0956012
            373      3.0766979
            374      3.0763189
            375      3.0794702
            376      3.0860999
            377      3.1005930
            378      3.1122596
            379      3.0980380
            380      3.0957294
            381      3.0715641
            382      3.1105720
            383      3.0887798
            384      3.0969361
            385      3.1066129
            386      3.0853432
            387      3.0933332
            388      3.0713812
            389      3.1135932
            390      3.0915046
            391      3.0858795
            392      3.0953047
            393      3.0949144
            394      3.0872423
            395      3.1030815
            396      3.1154927
            397      3.0858359
            398      3.0947553
            399      3.0724384
            400      3.0833412
            401      3.0786080
            402      3.0934249
            403      3.1002839
            404      3.0810627
            405      3.0710901
            406      3.0769992
            407      3.0927635
            408      3.0974840
            409      3.0929551
            410      3.0925171
            411      3.1043828
            412      3.0697810
            413      3.1041421
            414      3.0965702
            415      3.1147920
            416      3.0684895
            417      3.0760053
            418      3.0983085
            419      3.0719103
            420      3.0764726
            421      3.0935128
            422      3.1045399
            423      3.0778006
            424      3.0810355
            425      3.1037479
            426      3.0734959
            427      3.0889333
            428      3.0689104
            429      3.0644725
            430      3.1004356
            431      3.0863455
            432      3.0994920
            433      3.0905219
            434      3.0704854
            435      3.0897424
            436      3.0720093
            437      3.0767053
            438      3.0864939
            439      3.0926603
            440      3.0857628
            441      3.0717050
            442      3.0864329
            443      3.0760062
            444      3.0764610
            445      3.0887862
            446      3.0889661
            447      3.0626091
            448      3.0726484
            449      3.1003703
            450      3.1067215
            451      3.0992294
            452      3.0743934
            453      3.0953094
            454      3.1086444
            455      3.0854898
            456      3.0889309
            457      3.0758470
            458      3.0840483
            459      3.0702378
            460      3.0818698
            461      3.0824057
            462      3.0910279
            463      3.0811836
            464      3.0845360
            465      3.0770198
            466      3.1054014
            467      3.1059779
            468      3.0956639
            469      3.0772045
            470      3.0821037
            471      3.0805519
            472      3.0886926
            473      3.0690038
            474      3.0633132
            475      3.0782390
            476      3.0878499
            477      3.0870505
            478      3.0888692
            479      3.0817941
            480      3.0871296
            481      3.0978176
            482      3.0846098
            483      3.0956505
            484      3.0807186
            485      3.0966546
            486      3.0795544
            487      3.0676793
            488      3.0700065
            489      3.0831703
            490      3.0946789
            491      3.0829999
            492      3.0705907
            493      3.0837380
            494      3.0838076
            495      3.0984982
            496      3.0879970
            497      3.1027090
            498      3.0856843
            499      3.0981520
            500      3.0754779
