      Iteration         Energy
              1      3.4541295
              2      3.2204520
              3      3.2055924
              4      3.2030061
              5      3.2053377
              6      3.2090691
              7      3.2136363
              8      3.2098130
              9      3.1976605
             10      3.2021678
             11      3.1992645
             12      3.1951030
             13      3.1842452
             14      3.1898861
             15      3.1824009
             16      3.1870077
             17      3.1854933
             18      3.1779386
             19      3.1781123
             20      3.1809021
             21      3.1726187
             22      3.1816845
             23      3.1756411
             24      3.1626395
             25      3.1603046
             26      3.1510041
             27      3.1625346
             28      3.1617417
             29      3.1521442
             30      3.1618787
             31      3.1567042
             32      3.1493323
             33      3.1457213
             34      3.1417811
             35      3.1386324
             36      3.1405551
             37      3.1381811
             38      3.1252122
             39      3.1332661
             40      3.1262921
             41      3.1346152
             42      3.1226348
             43      3.1234263
             44      3.1188018
             45      3.1191477
             46      3.1155277
             47      3.1132668
             48      3.1176420
             49      3.1110844
             50      3.1104142
             51      3.1157105
             52      3.1124158
             53      3.1042892
             54      3.1086008
             55      3.1019187
             56      3.0991140
             57      3.1055482
             58      3.0976861
             59      3.1039088
             60      3.0869574
             61      3.0963380
             62      3.1008987
             63      3.0918431
             64      3.0933200
             65      3.0979949
             66      3.0909884
             67      3.0915005
             68      3.1132375
             69      3.0881884
             70      3.0921870
             71      3.0853909
             72      3.0846505
             73      3.0924832
             74      3.0903866
             75      3.0898155
             76      3.0832151
             77      3.0850117
             78      3.0853888
             79      3.0802611
             80      3.0809581
             81      3.0788292
             82      3.0791047
             83      3.0820982
             84      3.0810274
             85      3.0828503
             86      3.0833762
             87      3.0803381
             88      3.0813537
             89      3.0793593
             90      3.0862130
             91      3.0849437
             92      3.0842410
             93      3.0727236
             94      3.0781278
             95      3.0802218
             96      3.0734986
             97      3.0790799
             98      3.0801362
             99      3.0806254
            100      3.0790846
            101      3.0823082
            102      3.0841870
            103      3.0789119
            104      3.0731815
            105      3.0830452
            106      3.0754923
            107      3.0881897
            108      3.0777399
            109      3.0814101
            110      3.0759313
            111      3.0851445
            112      3.0855146
            113      3.0837699
            114      3.0784585
            115      3.0814962
            116      3.0781382
            117      3.0813746
            118      3.0805120
            119      3.0831657
            120      3.0806329
            121      3.0836120
            122      3.0769027
            123      3.0780368
            124      3.0779103
            125      3.0842286
            126      3.0832484
            127      3.0840574
            128      3.0821327
            129      3.0826227
            130      3.0781987
            131      3.0798107
            132      3.0722092
            133      3.0856860
            134      3.0809535
            135      3.0834363
            136      3.0853723
            137      3.0828073
            138      3.0808191
            139      3.0815362
            140      3.0830990
            141      3.0782052
            142      3.0815394
            143      3.0811382
            144      3.0761384
            145      3.0767661
            146      3.0785804
            147      3.0842356
            148      3.0792078
            149      3.0856659
            150      3.0862376
            151      3.0831507
            152      3.0852462
            153      3.0803052
            154      3.0762623
            155      3.0801500
            156      3.0787921
            157      3.0774874
            158      3.0768326
            159      3.0730866
            160      3.0735691
            161      3.0793985
            162      3.0847869
            163      3.0781782
            164      3.0788026
            165      3.0797307
            166      3.0835228
            167      3.0774926
            168      3.0819345
            169      3.0833534
            170      3.0792047
            171      3.0815813
            172      3.0683807
            173      3.0790071
            174      3.0853899
            175      3.0798750
            176      3.0844410
            177      3.0823398
            178      3.0825971
            179      3.0721792
            180      3.0768683
            181      3.0836631
            182      3.0795121
            183      3.0791080
            184      3.0791375
            185      3.0775477
            186      3.0794460
            187      3.0818377
            188      3.0887538
            189      3.0798897
            190      3.0785726
            191      3.0803734
            192      3.0797532
            193      3.0793513
            194      3.0792621
            195      3.0802010
            196      3.0848984
            197      3.0763719
            198      3.0821255
            199      3.0743032
            200      3.0758710
            201      3.0766201
            202      3.0762117
            203      3.0728992
            204      3.0808805
            205      3.0795679
            206      3.0778770
            207      3.0827476
            208      3.0803853
            209      3.0758505
            210      3.0766017
            211      3.0821918
            212      3.0752741
            213      3.0728748
            214      3.0827576
            215      3.0874950
            216      3.0828566
            217      3.0757057
            218      3.0832767
            219      3.0811216
            220      3.0896534
            221      3.0798799
            222      3.0801316
            223      3.0776825
            224      3.0797821
            225      3.0794984
            226      3.0805738
            227      3.0759282
            228      3.0753962
            229      3.0756342
            230      3.0817841
            231      3.0878389
            232      3.0777774
            233      3.0805427
            234      3.0835119
            235      3.0727316
            236      3.0749492
            237      3.0893473
            238      3.0866505
            239      3.0752141
            240      3.0798603
            241      3.0792561
            242      3.0838924
            243      3.0829137
            244      3.0696020
            245      3.0777360
            246      3.0759508
            247      3.0753826
            248      3.0824382
            249      3.0869190
            250      3.0808355
            251      3.0751656
            252      3.0760978
            253      3.0774076
            254      3.0799118
            255      3.0843158
            256      3.0737990
            257      3.0681644
            258      3.0812268
            259      3.0762466
            260      3.0809882
            261      3.0764072
            262      3.0954442
            263      3.0864860
            264      3.0767689
            265      3.0857750
            266      3.0782268
            267      3.0819010
            268      3.0802834
            269      3.0896119
            270      3.0797301
            271      3.0857906
            272      3.0777415
            273      3.0783269
            274      3.0824352
            275      3.0775225
            276      3.0760487
            277      3.0813092
            278      3.0839101
            279      3.0834718
            280      3.0822549
            281      3.0866772
            282      3.0730645
            283      3.0854581
            284      3.0813354
            285      3.0847278
            286      3.0821101
            287      3.0844125
            288      3.0795869
            289      3.0767742
            290      3.0795778
            291      3.0813505
            292      3.0748146
            293      3.0743217
            294      3.0796765
            295      3.0862395
            296      3.0781091
            297      3.0787096
            298      3.0722246
            299      3.0790242
            300      3.0872632
            301      3.0789870
            302      3.0812773
            303      3.0820451
            304      3.0805462
            305      3.0826510
            306      3.0741385
            307      3.0738010
            308      3.0790367
            309      3.0879643
            310      3.0734228
            311      3.0729356
            312      3.0692429
            313      3.0865066
            314      3.0847343
            315      3.0808951
            316      3.0754298
            317      3.0766239
            318      3.0731117
            319      3.0825333
            320      3.0796308
            321      3.0769967
            322      3.0798605
            323      3.0821744
            324      3.0869050
            325      3.0765223
            326      3.0772863
            327      3.0837448
            328      3.0772313
            329      3.0762578
            330      3.0797055
            331      3.0820553
            332      3.0753306
            333      3.0844978
            334      3.0852877
            335      3.0763977
            336      3.0771534
            337      3.0731284
            338      3.0734809
            339      3.0744290
            340      3.0767119
            341      3.0788949
            342      3.0773027
            343      3.0790299
            344      3.0828152
            345      3.0816643
            346      3.0839776
            347      3.0757088
            348      3.0783379
            349      3.0700259
            350      3.0804733
            351      3.0831743
            352      3.0767554
            353      3.0864162
            354      3.0750520
            355      3.0811097
            356      3.0783459
            357      3.0801720
            358      3.0753252
            359      3.0752829
            360      3.0815220
            361      3.0816552
            362      3.0757858
            363      3.0752325
            364      3.0725411
            365      3.0788088
            366      3.0723845
            367      3.0726751
            368      3.0696296
            369      3.0735855
            370      3.0774549
            371      3.0840713
            372      3.0859384
            373      3.0737477
            374      3.0842507
            375      3.0756464
            376      3.0736734
            377      3.0791366
            378      3.0804106
            379      3.0745564
            380      3.0844448
            381      3.0787975
            382      3.0804835
            383      3.0805388
            384      3.0801362
            385      3.0736682
            386      3.0767403
            387      3.0786581
            388      3.0804994
            389      3.0703308
            390      3.0811877
            391      3.0754164
            392      3.0795039
            393      3.0785276
            394      3.0846853
            395      3.0749541
            396      3.0802059
            397      3.0751838
            398      3.0764966
            399      3.0768686
            400      3.0809564
            401      3.0744729
            402      3.0783057
            403      3.0829340
            404      3.0811647
            405      3.0808864
            406      3.0759091
            407      3.0794846
            408      3.0806178
            409      3.0741687
            410      3.0830814
            411      3.0758583
            412      3.0809577
            413      3.0866567
            414      3.0734585
            415      3.0865016
            416      3.0796832
            417      3.0749423
            418      3.0848600
            419      3.0827670
            420      3.0837257
            421      3.0832826
            422      3.0794756
            423      3.0821012
            424      3.0874261
            425      3.0733467
            426      3.0766758
            427      3.0742693
            428      3.0779827
            429      3.0829816
            430      3.0845321
            431      3.0801839
            432      3.0794914
            433      3.0826508
            434      3.0868258
            435      3.0818640
            436      3.0798987
            437      3.0716015
            438      3.0732398
            439      3.0804643
            440      3.0789155
            441      3.0834486
            442      3.0828015
            443      3.0782258
            444      3.0746608
            445      3.0863332
            446      3.0805958
            447      3.0785070
            448      3.0811722
            449      3.0742592
            450      3.0837484
            451      3.0797604
            452      3.0828544
            453      3.0740833
            454      3.0806187
            455      3.0785887
            456      3.0758542
            457      3.0789760
            458      3.0754617
            459      3.0850970
            460      3.0834135
            461      3.0796648
            462      3.0802526
            463      3.0789073
            464      3.0817600
            465      3.0770275
            466      3.0759228
            467      3.0834058
            468      3.0768614
            469      3.0766412
            470      3.0807941
            471      3.0799405
            472      3.0737071
            473      3.0744594
            474      3.0741559
            475      3.0782454
            476      3.0806013
            477      3.0811399
            478      3.0772667
            479      3.0808726
            480      3.0836004
            481      3.0786872
            482      3.0831988
            483      3.0832764
            484      3.0758217
            485      3.0766789
            486      3.0773403
            487      3.0794386
            488      3.0831957
            489      3.0783405
            490      3.0843906
            491      3.0826441
            492      3.0787217
            493      3.0804567
            494      3.0786412
            495      3.0814010
            496      3.0835862
            497      3.0760132
            498      3.0855142
            499      3.0781001
            500      3.0761075
