      Iteration         Energy
              1      3.6532424
              2      3.3920336
              3      3.2816548
              4      3.2462710
              5      3.2234324
              6      3.1873038
              7      3.2058359
              8      3.1694843
              9      3.1710322
             10      3.2172441
             11      3.1871957
             12      3.1930799
             13      3.1865285
             14      3.1871341
             15      3.1679819
             16      3.1675274
             17      3.2114481
             18      3.1935335
             19      3.1588445
             20      3.1719136
             21      3.1531406
             22      3.1921360
             23      3.1758484
             24      3.1807186
             25      3.1895492
             26      3.1411747
             27      3.1857455
             28      3.1878758
             29      3.1629179
             30      3.1483376
             31      3.1706557
             32      3.1611116
             33      3.1482742
             34      3.1588861
             35      3.1673518
             36      3.1492213
             37      3.1517238
             38      3.1335269
             39      3.1593860
             40      3.1508482
             41      3.1366303
             42      3.1506718
             43      3.1494013
             44      3.1174786
             45      3.1585401
             46      3.1364960
             47      3.1423556
             48      3.1312783
             49      3.1436181
             50      3.1444116
             51      3.1249818
             52      3.1103573
             53      3.1296112
             54      3.1330117
             55      3.1140765
             56      3.1330205
             57      3.1523443
             58      3.1312644
             59      3.1277968
             60      3.1180108
             61      3.1320225
             62      3.1231902
             63      3.1452287
             64      3.1130843
             65      3.1103838
             66      3.1116742
             67      3.1195380
             68      3.1007778
             69      3.1157008
             70      3.1355102
             71      3.1203513
             72      3.1212305
             73      3.1222093
             74      3.1168741
             75      3.1212880
             76      3.1219518
             77      3.0987153
             78      3.1245915
             79      3.1034614
             80      3.1197411
             81      3.1129987
             82      3.1046105
             83      3.1012860
             84      3.1248143
             85      3.0927773
             86      3.0999159
             87      3.0998689
             88      3.1196761
             89      3.1070770
             90      3.1329114
             91      3.1063643
             92      3.1272899
             93      3.1150682
             94      3.1049421
             95      3.1023822
             96      3.1198153
             97      3.1009696
             98      3.1344597
             99      3.1037042
            100      3.1287610
            101      3.0894337
            102      3.1050138
            103      3.1112317
            104      3.1145435
            105      3.1373436
            106      3.0996424
            107      3.1137037
            108      3.1178279
            109      3.1053308
            110      3.1092269
            111      3.0957358
            112      3.1162900
            113      3.0977653
            114      3.0813110
            115      3.0866686
            116      3.1113142
            117      3.1002168
            118      3.1136715
            119      3.1142353
            120      3.0796749
            121      3.1054534
            122      3.1109508
            123      3.1090691
            124      3.0982718
            125      3.1128056
            126      3.0858655
            127      3.0883155
            128      3.1072276
            129      3.0987669
            130      3.1059554
            131      3.0866286
            132      3.0866443
            133      3.0889561
            134      3.1060311
            135      3.1118425
            136      3.1037966
            137      3.1020422
            138      3.1014639
            139      3.0850417
            140      3.0978267
            141      3.0988618
            142      3.0888228
            143      3.0961787
            144      3.0816327
            145      3.0976999
            146      3.0930922
            147      3.0861604
            148      3.0919800
            149      3.0831364
            150      3.1006114
            151      3.1037814
            152      3.0954953
            153      3.1055287
            154      3.1042715
            155      3.1115196
            156      3.0978454
            157      3.0901696
            158      3.1212828
            159      3.1159129
            160      3.0991934
            161      3.0995665
            162      3.1115742
            163      3.0963645
            164      3.0811157
            165      3.0918753
            166      3.1173475
            167      3.0821315
            168      3.1006844
            169      3.0887191
            170      3.1112644
            171      3.0955643
            172      3.1132277
            173      3.0918624
            174      3.1183414
            175      3.1017936
            176      3.0999799
            177      3.0707075
            178      3.0981050
            179      3.0732680
            180      3.0707512
            181      3.0993473
            182      3.1241939
            183      3.0796621
            184      3.1068912
            185      3.1154886
            186      3.1024842
            187      3.1024321
            188      3.1072397
            189      3.0850907
            190      3.0943029
            191      3.0969458
            192      3.0862091
            193      3.0765327
            194      3.1034769
            195      3.1040977
            196      3.0937069
            197      3.0847020
            198      3.1189100
            199      3.0905219
            200      3.1090869
            201      3.1062256
            202      3.1034403
            203      3.0801657
            204      3.0942048
            205      3.0677725
            206      3.0737444
            207      3.1180026
            208      3.0996350
            209      3.0639861
            210      3.0992955
            211      3.0964555
            212      3.0988097
            213      3.0847334
            214      3.1058985
            215      3.0885289
            216      3.1154048
            217      3.1043253
            218      3.0992273
            219      3.0893873
            220      3.0993968
            221      3.1036786
            222      3.0936957
            223      3.1027456
            224      3.0777718
            225      3.0947514
            226      3.0940858
            227      3.0937558
            228      3.1316626
            229      3.0835913
            230      3.0963038
            231      3.0883601
            232      3.0963762
            233      3.1002860
            234      3.0904593
            235      3.1013858
            236      3.0987035
            237      3.0747158
            238      3.0803276
            239      3.1009339
            240      3.0935577
            241      3.0705679
            242      3.1071599
            243      3.0776365
            244      3.0945247
            245      3.1095740
            246      3.0729274
            247      3.0725164
            248      3.0924843
            249      3.0853553
            250      3.0906894
            251      3.0752712
            252      3.1219633
            253      3.1037614
            254      3.1518093
            255      3.0952452
            256      3.1059525
            257      3.0901412
            258      3.1231244
            259      3.1155152
            260      3.1006781
            261      3.0826161
            262      3.1033507
            263      3.0874173
            264      3.1138440
            265      3.0861016
            266      3.1064579
            267      3.0812181
            268      3.0768326
            269      3.0926133
            270      3.0938490
            271      3.0754972
            272      3.1168079
            273      3.1037609
            274      3.1126847
            275      3.0889332
            276      3.0970835
            277      3.0980942
            278      3.1008827
            279      3.0892610
            280      3.1088112
            281      3.0958204
            282      3.0835125
            283      3.0948118
            284      3.0817638
            285      3.0974543
            286      3.1045962
            287      3.0807827
            288      3.1005805
            289      3.0962026
            290      3.0704491
            291      3.0892084
            292      3.0869251
            293      3.0828191
            294      3.0906302
            295      3.1164139
            296      4.2904314
            297      3.1444581
            298      3.1260097
            299      3.1343343
            300      3.1063928
            301      3.1163902
            302      3.1744969
            303      3.0998184
            304      3.0752679
            305      3.1072328
            306      3.1109450
            307      3.0874904
            308      3.0820278
            309      3.0757694
            310      3.0993274
            311      3.0989107
            312      3.1119939
            313      3.0902801
            314      3.0957024
            315      3.0872971
            316      3.0983956
            317      3.0867469
            318      3.1077712
            319      3.0895746
            320      3.1001916
            321      3.0973183
            322      3.1009866
            323      3.0902015
            324      3.0823621
            325      3.0917352
            326      3.1072150
            327      3.0772010
            328      3.0784519
            329      3.1015883
            330      3.0756349
            331      3.0967467
            332      3.0865932
            333      3.0968000
            334      3.1153618
            335      3.0761365
            336      3.0970296
            337      3.0771181
            338      3.1227986
            339      3.0933523
            340      3.0833748
            341      3.0865700
            342      3.0848879
            343      3.1103063
            344      3.0700969
            345      3.0984444
            346      3.1082896
            347      3.0884535
            348      3.0949308
            349      3.0984070
            350      3.1018285
            351      3.1040546
            352      3.1452826
            353      3.1120157
            354      3.0984276
            355      3.1208501
            356      3.0805658
            357      3.0885417
            358      3.1247025
            359      3.0912698
            360      3.0939064
            361      3.1034762
            362      3.0887201
            363      3.0869844
            364      3.0880846
            365      3.0993871
            366      3.0652990
            367      3.0975238
            368      3.0991139
            369      3.1047701
            370      3.0902933
            371      3.1034296
            372      3.0919774
            373      3.0915210
            374      3.0878552
            375      3.0971606
            376      3.1016326
            377      3.0884997
            378      3.1111632
            379      3.1037858
            380      3.1118231
            381      3.0898614
            382      3.0816562
            383      3.1219867
            384      3.1228688
            385      3.0806783
            386      3.0952411
            387      3.0961819
            388      3.0870109
            389      3.0949165
            390      3.1048423
            391      3.0957585
            392      3.0930404
            393      3.1072152
            394      3.0894470
            395      3.1000169
            396      3.0975004
            397      3.0956886
            398      3.0823899
            399      3.1153642
            400      3.0851234
            401      3.0833257
            402      3.0843892
            403      3.0853579
            404      3.0993415
            405      3.0873815
            406      3.0716095
            407      3.0949065
            408      3.0995140
            409      3.1303066
            410      3.1450137
            411      3.0885708
            412      3.0853152
            413      3.0987526
            414      3.0736448
            415      3.1021686
            416      3.0758750
            417      3.1097661
            418      3.1075419
            419      3.1014050
            420      3.1082333
            421      3.0958525
            422      3.0710451
            423      3.0805086
            424      3.0870422
            425      3.0978609
            426      3.1000519
            427      3.0946504
            428      3.0776969
            429      3.0895691
            430      3.1107190
            431      3.0993214
            432      3.1032349
            433      3.1096039
            434      3.0938821
            435      3.1099729
            436      3.0822143
            437      3.0965057
            438      3.0783050
            439      3.0797310
            440      3.0921298
            441      3.0738544
            442      3.0888595
            443      3.0808994
            444      3.0908952
            445      3.1048210
            446      3.0811756
            447      3.0833675
            448      3.0817733
            449      3.0881614
            450      3.0788411
            451      3.0582535
            452      3.1022365
            453      3.0871712
            454      3.0965707
            455      3.0893046
            456      3.0983451
            457      3.0766801
            458      3.1072708
            459      3.1037467
            460      3.1111642
            461      3.0853893
            462      3.1003624
            463      3.0960774
            464      3.1118175
            465      3.1079805
            466      3.0819920
            467      3.0790067
            468      3.0974949
            469      3.0961041
            470      3.0898200
            471      3.0955159
            472      3.0963177
            473      3.1104148
            474      3.0834724
            475      3.0744093
            476      3.1038982
            477      3.1022574
            478      3.0706223
            479      3.0969976
            480      3.1055814
            481      3.1098089
            482      3.1278972
            483      3.0798987
            484      3.0871021
            485      3.1087373
            486      3.0929821
            487      3.1154955
            488      3.0879188
            489      3.0866291
            490      3.0846426
            491      3.1175975
            492      3.0921665
            493      3.1147145
            494      3.0823083
            495      3.1170021
            496      3.0989094
            497      3.0855039
            498      3.1105185
            499      3.0934931
            500      3.0973223
