      Iteration         Energy
              1      3.5471217
              2      3.1501151
              3      3.1985504
              4      3.2057361
              5      3.1830584
              6      3.1603169
              7      3.1560653
              8      3.1872300
              9      3.1710620
             10      3.1889395
             11      3.1588366
             12      3.1545121
             13      3.1456117
             14      3.1592630
             15      3.1221585
             16      3.1513255
             17      3.1407052
             18      3.1417931
             19      3.1255565
             20      3.1363890
             21      3.1411041
             22      3.1496547
             23      3.1172132
             24      3.1331264
             25      3.1259757
             26      3.1203713
             27      3.1097875
             28      3.1156170
             29      3.1032880
             30      3.1003361
             31      3.1405822
             32      3.1153125
             33      3.1130111
             34      3.1081653
             35      3.1113043
             36      3.0858424
             37      3.0917854
             38      3.0993887
             39      3.0925197
             40      3.0812023
             41      3.0930751
             42      3.0962996
             43      3.1047545
             44      3.0872223
             45      3.1003897
             46      3.0967332
             47      3.0878242
             48      3.0976076
             49      3.0860070
             50      3.0966307
             51      3.0949196
             52      3.0777141
             53      3.0873189
             54      3.1049663
             55      3.1097113
             56      3.1037303
             57      3.0836918
             58      3.0746008
             59      3.1116127
             60      3.0933772
             61      3.0898107
             62      3.0780747
             63      3.0831851
             64      3.0836296
             65      3.0756045
             66      3.0798784
             67      3.0916721
             68      3.0957342
             69      3.0903637
             70      3.1167514
             71      3.0950339
             72      3.1122090
             73      3.1131445
             74      3.0721756
             75      3.0807678
             76      3.0885061
             77      3.1048289
             78      3.0946497
             79      3.0805718
             80      3.1154682
             81      3.1049329
             82      3.0927007
             83      3.0952945
             84      3.1041640
             85      3.1028269
             86      3.0919017
             87      3.0797586
             88      3.0789614
             89      3.0812516
             90      3.0901079
             91      3.0993987
             92      3.0958994
             93      3.0736746
             94      3.0848468
             95      3.0939857
             96      3.1062795
             97      3.0810498
             98      3.0797094
             99      3.0672441
            100      3.1076668
            101      3.0574968
            102      3.0813002
            103      3.1095826
            104      3.0898805
            105      3.0810465
            106      3.0816927
            107      3.0914021
            108      3.1106803
            109      3.0797808
            110      3.0774044
            111      3.0906867
            112      3.0756633
            113      3.1037797
            114      3.0722474
            115      3.0826543
            116      3.0732388
            117      3.0887971
            118      3.1437481
            119      3.0978793
            120      3.0866233
            121      3.0965339
            122      3.0733301
            123      3.1005566
            124      3.0872307
            125      3.1137774
            126      3.0659597
            127      3.0837113
            128      3.0738357
            129      3.0925567
            130      3.0952378
            131      3.1102957
            132      3.1174422
            133      3.1027748
            134      3.1111588
            135      3.0776272
            136      3.0979647
            137      3.0957640
            138      3.0797840
            139      3.0836739
            140      3.0783566
            141      3.0814346
            142      3.1178777
            143      3.1008796
            144      3.0822606
            145      3.0907847
            146      3.0733503
            147      3.0714609
            148      3.0890734
            149      3.1010869
            150      3.0996954
            151      3.0828930
            152      3.1109575
            153      3.0821706
            154      3.0917442
            155      3.1011277
            156      3.0746332
            157      3.0757496
            158      3.0981406
            159      3.0876668
            160      3.0829453
            161      3.0850722
            162      3.0622973
            163      3.0965182
            164      3.0711850
            165      3.0748109
            166      3.0862908
            167      3.0888041
            168      3.0872540
            169      3.1042750
            170      3.0893085
            171      3.1027625
            172      3.1027382
            173      3.0860363
            174      3.0794285
            175      3.0824185
            176      3.1004177
            177      3.0863513
            178      3.0744856
            179      3.0872853
            180      3.0921668
            181      3.0706607
            182      3.0817415
            183      3.0946728
            184      3.1075289
            185      3.0907115
            186      3.0842124
            187      3.0791795
            188      3.0999090
            189      3.0796762
            190      3.0975040
            191      3.0831587
            192      3.0888531
            193      3.0921486
            194      3.0790147
            195      3.0819328
            196      3.0840960
            197      3.0793838
            198      3.0756509
            199      3.0960893
            200      3.0860315
            201      3.0898993
            202      3.0822173
            203      3.0717910
            204      3.0971901
            205      3.0878704
            206      3.0848455
            207      3.0721972
            208      3.0913057
            209      3.1190111
            210      3.0874946
            211      3.0882438
            212      3.0841195
            213      3.0790127
            214      3.0902473
            215      3.1032480
            216      3.1120311
            217      3.0946210
            218      3.0790475
            219      3.0841183
            220      3.0715985
            221      3.0702305
            222      3.0929181
            223      3.0954563
            224      3.0871840
            225      3.0845366
            226      3.0819075
            227      3.0807921
            228      3.0862883
            229      3.0877444
            230      3.0999687
            231      3.0899568
            232      3.1059224
            233      3.0855705
            234      3.0890758
            235      3.0816615
            236      3.0931715
            237      3.1070534
            238      3.0956707
            239      3.0926594
            240      3.0883748
            241      3.1028701
            242      3.1115463
            243      3.0825322
            244      3.1078369
            245      3.0647832
            246      3.0882802
            247      3.0838200
            248      3.0830897
            249      3.0927350
            250      3.0860794
            251      3.0881600
            252      3.0947101
            253      3.0911168
            254      3.1065554
            255      3.0876645
            256      3.0968823
            257      3.0874472
            258      3.0923406
            259      3.0831239
            260      3.0937664
            261      3.1088074
            262      3.1059027
            263      3.0738699
            264      3.0772635
            265      3.0955761
            266      3.0931054
            267      3.0861058
            268      3.0957145
            269      3.0728952
            270      3.0760131
            271      3.0930622
            272      3.0806449
            273      3.0777922
            274      3.1086024
            275      3.0900636
            276      3.1176499
            277      3.0754571
            278      3.0905594
            279      3.0795802
            280      3.0834435
            281      3.0871966
            282      3.0907143
            283      3.1009286
            284      3.0766984
            285      3.0781565
            286      3.0831107
            287      3.0856562
            288      3.0722489
            289      3.0887785
            290      3.0581745
            291      3.0971644
            292      3.0821766
            293      3.0770987
            294      3.0833369
            295      3.0786862
            296      3.0687116
            297      3.0792742
            298      3.0982841
            299      3.1150094
            300      3.0744951
            301      3.0845155
            302      3.0912544
            303      3.0913843
            304      3.0653209
            305      3.0871460
            306      3.0907551
            307      3.0876853
            308      3.0959651
            309      3.0734814
            310      3.1166913
            311      3.0819886
            312      3.0860318
            313      3.0995327
            314      3.0812589
            315      3.1078524
            316      3.0938164
            317      3.0920574
            318      3.0895239
            319      3.0758150
            320      3.0926558
            321      3.1050248
            322      3.0751143
            323      3.1044612
            324      3.0889957
            325      3.0662485
            326      3.0740799
            327      3.1035737
            328      3.1047499
            329      3.0879628
            330      3.0917090
            331      3.0863975
            332      3.0942135
            333      3.0907095
            334      3.0859488
            335      3.1093237
            336      3.0655182
            337      3.0671648
            338      3.1062192
            339      3.0859544
            340      3.0876894
            341      3.0715207
            342      3.0904393
            343      3.0767015
            344      3.0984006
            345      3.0875682
            346      3.1075124
            347      3.0753828
            348      3.0935558
            349      3.0789917
            350      3.0746705
            351      3.0862971
            352      3.0743667
            353      3.0786858
            354      3.0930362
            355      3.0750897
            356      3.0681620
            357      3.0806633
            358      3.0933847
            359      3.0937974
            360      3.0898218
            361      3.0760047
            362      3.0874504
            363      3.0793349
            364      3.0797790
            365      3.0681459
            366      3.0816884
            367      3.0899867
            368      3.0800283
            369      3.0696199
            370      3.0939974
            371      3.0899602
            372      3.0796903
            373      3.0774566
            374      3.0909256
            375      3.0871540
            376      3.0937296
            377      3.0946445
            378      3.0774196
            379      3.0807929
            380      3.1030058
            381      3.0807036
            382      3.0932124
            383      3.0797041
            384      3.0910519
            385      3.0978615
            386      3.0831373
            387      3.0877459
            388      3.0945380
            389      3.0872783
            390      3.1012857
            391      3.0809080
            392      3.0753832
            393      3.0923042
            394      3.0739307
            395      3.0700341
            396      3.0837748
            397      3.0864369
            398      3.0608083
            399      3.0948197
            400      3.0742946
            401      3.0877230
            402      3.0982161
            403      3.0679663
            404      3.1002477
            405      3.1095829
            406      3.0851343
            407      3.0780421
            408      3.0858127
            409      3.0692999
            410      3.0755734
            411      3.0918221
            412      3.0696172
            413      3.1155257
            414      3.0994758
            415      3.0954921
            416      3.0960233
            417      3.0996267
            418      3.0876926
            419      3.0903196
            420      3.0959503
            421      3.0886239
            422      3.0784007
            423      3.0988183
            424      3.0850601
            425      3.0762800
            426      3.1000814
            427      3.0886194
            428      3.0766761
            429      3.0865608
            430      3.0792440
            431      3.0887789
            432      3.0602238
            433      3.0805350
            434      3.0779426
            435      3.0665454
            436      3.0962479
            437      3.0943739
            438      3.1122537
            439      3.0842695
            440      3.0879053
            441      3.0932732
            442      3.0899778
            443      3.0854339
            444      3.0795979
            445      3.0819843
            446      3.0803125
            447      3.0856696
            448      3.0840269
            449      3.0954477
            450      3.0863539
            451      3.1037996
            452      3.0715402
            453      3.0882391
            454      3.0687481
            455      3.0977205
            456      3.0707622
            457      3.0889014
            458      3.0970776
            459      3.0797249
            460      3.0865647
            461      3.0613477
            462      3.0896622
            463      3.0679024
            464      3.0773507
            465      3.0956122
            466      3.0914711
            467      3.0885908
            468      3.0852957
            469      3.0904174
            470      3.0773900
            471      3.0822447
            472      3.0843766
            473      3.0869844
            474      3.0831576
            475      3.0769724
            476      3.0958389
            477      3.0859185
            478      3.0675233
            479      3.0920576
            480      3.0805389
            481      3.0806286
            482      3.0739489
            483      3.0884788
            484      3.0671060
            485      3.0969752
            486      3.0829218
            487      3.0898608
            488      3.0861759
            489      3.0805188
            490      3.0704713
            491      3.0818188
            492      3.0900220
            493      3.0748278
            494      3.0743699
            495      3.0867505
            496      3.0813468
            497      3.0888865
            498      3.0835261
            499      3.0962452
            500      3.0913592
