      Iteration         Energy
              1      3.3090487
              2      3.2677015
              3      3.2929551
              4      3.2499192
              5      3.2246943
              6      3.2285680
              7      3.2288003
              8      3.2765198
              9      3.2074331
             10      3.2628795
             11      3.2648284
             12      3.2366751
             13      3.2305702
             14      3.2410790
             15      3.2360825
             16      3.2304549
             17      3.2306255
             18      3.2257116
             19      3.2121733
             20      3.2320245
             21      3.2355165
             22      3.2040759
             23      3.2553264
             24      3.1914669
             25      3.1961785
             26      3.2591715
             27      3.2309148
             28      3.2023153
             29      3.2264626
             30      3.2288076
             31      3.2034357
             32      3.2262689
             33      3.2071283
             34      3.2278092
             35      3.2405231
             36      3.2387070
             37      3.2407029
             38      3.2331335
             39      3.2440265
             40      3.2211167
             41      3.2197835
             42      3.2068014
             43      3.2273968
             44      3.2152218
             45      3.2011096
             46      3.2239518
             47      3.2192187
             48      3.2130452
             49      3.2555176
             50      3.2145010
             51      3.2083560
             52      3.2059429
             53      3.2259745
             54      3.2143824
             55      3.1990292
             56      3.1986524
             57      3.2020878
             58      3.2179741
             59      3.2125258
             60      3.2252874
             61      3.2007062
             62      3.2129420
             63      3.2077859
             64      3.2105438
             65      3.2212875
             66      3.2103583
             67      3.1901588
             68      3.2114603
             69      3.2164897
             70      3.1913449
             71      3.1959349
             72      3.1781079
             73      3.1796874
             74      3.2000218
             75      3.1800661
             76      3.1827788
             77      3.2110659
             78      3.2063052
             79      3.2058288
             80      3.1888825
             81      3.2228350
             82      3.1743290
             83      3.2007035
             84      3.2016321
             85      3.2084784
             86      3.1988185
             87      3.1705814
             88      3.2025657
             89      3.1840380
             90      3.2124968
             91      3.1835349
             92      3.1789847
             93      3.2014237
             94      3.1849510
             95      3.2003451
             96      3.1760865
             97      3.1824576
             98      3.1958146
             99      3.1772893
            100      3.1845834
            101      3.1772073
            102      3.1772891
            103      3.1683754
            104      3.1742091
            105      3.1800991
            106      3.1596966
            107      3.1607505
            108      3.1776217
            109      3.1613679
            110      3.1656181
            111      3.1630524
            112      3.1915423
            113      3.1860899
            114      3.1862719
            115      3.1300006
            116      3.1628404
            117      3.1814371
            118      3.1539687
            119      3.1640587
            120      3.1746140
            121      3.1581075
            122      3.1851104
            123      3.1601508
            124      3.1630174
            125      3.1720091
            126      3.1557743
            127      3.1618900
            128      3.1584072
            129      3.1740839
            130      3.1805810
            131      3.1526770
            132      3.1582536
            133      3.1511411
            134      3.1427308
            135      3.1536737
            136      3.1542218
            137      3.1528814
            138      3.1578024
            139      3.1800121
            140      3.1520808
            141      3.1585183
            142      3.1391621
            143      3.1697317
            144      3.1766899
            145      3.1510925
            146      3.1730365
            147      3.1667022
            148      3.1476789
            149      3.1236716
            150      3.1608750
            151      3.1491309
            152      3.1655078
            153      3.1584063
            154      3.1544449
            155      3.1561123
            156      3.1366608
            157      3.1431708
            158      3.1175177
            159      3.1557150
            160      3.1526195
            161      3.1604692
            162      3.1715627
            163      3.1480847
            164      3.1368810
            165      3.1258496
            166      3.1308739
            167      3.1567501
            168      3.1850884
            169      3.1390471
            170      3.1596823
            171      3.1506170
            172      3.1351316
            173      3.1533385
            174      3.1545042
            175      3.1529491
            176      3.1436660
            177      3.1556542
            178      3.1348789
            179      3.1435636
            180      3.1524443
            181      3.1342000
            182      3.1563943
            183      3.1435522
            184      3.1452459
            185      3.1352153
            186      3.1230771
            187      3.1466330
            188      3.1402651
            189      3.1555714
            190      3.1291026
            191      3.1399842
            192      3.1466617
            193      3.1708476
            194      3.1267141
            195      3.1230014
            196      3.1505531
            197      3.1471205
            198      3.1627776
            199      3.1549990
            200      3.1606020
            201      3.1403286
            202      3.1534237
            203      3.1479736
            204      3.1470290
            205      3.1380030
            206      3.1637082
            207      3.1424251
            208      3.1640890
            209      3.1428198
            210      3.1483881
            211      3.1394561
            212      3.1332324
            213      3.1343945
            214      3.1349909
            215      3.1599881
            216      3.1335453
            217      3.1484008
            218      3.1742232
            219      3.1625563
            220      3.1569780
            221      3.1611836
            222      3.1392291
            223      3.1228529
            224      3.1546023
            225      3.1520379
            226      3.1312334
            227      3.1245348
            228      3.1472349
            229      3.1697844
            230      3.1606579
            231      3.1369058
            232      3.1489999
            233      3.1605620
            234      3.1694430
            235      3.1547197
            236      3.1551997
            237      3.1381938
            238      3.1319879
            239      3.1584747
            240      3.1522807
            241      3.1425321
            242      3.1605836
            243      3.1580464
            244      3.1644561
            245      3.1573472
            246      3.1161232
            247      3.1469531
            248      3.1611392
            249      3.1466575
            250      3.1229041
            251      3.1907739
            252      3.1468150
            253      3.1448178
            254      3.1540405
            255      3.1365064
            256      3.1193087
            257      3.1300708
            258      3.1671254
            259      3.1399702
            260      3.1650699
            261      3.1431638
            262      3.1527195
            263      3.1165969
            264      3.1270451
            265      3.1369919
            266      3.1400155
            267      3.1157929
            268      3.1372599
            269      3.1392158
            270      3.1222936
            271      3.1437869
            272      3.1380415
            273      3.1725274
            274      3.1525771
            275      3.1562294
            276      3.1515568
            277      3.1253271
            278      3.1309555
            279      3.1344331
            280      3.1058642
            281      3.1083646
            282      3.1641715
            283      3.1589856
            284      3.1466661
            285      3.1371129
            286      3.1275981
            287      3.1357963
            288      3.1435721
            289      3.1420076
            290      3.1366656
            291      3.1420319
            292      3.1166505
            293      3.1637052
            294      3.1456525
            295      3.1566452
            296      3.1430676
            297      3.1413809
            298      3.1183241
            299      3.1556038
            300      3.1284350
            301      3.1374351
            302      3.1427188
            303      3.1463565
            304      3.1315489
            305      3.1259350
            306      3.1256424
            307      3.1268137
            308      3.1667061
            309      3.1512466
            310      3.1296668
            311      3.1445435
            312      3.1307809
            313      3.1333164
            314      3.1358355
            315      3.1507758
            316      3.1231734
            317      3.1521711
            318      3.1360690
            319      3.1604956
            320      3.1277820
            321      3.1254999
            322      3.1193196
            323      3.1286748
            324      3.1681520
            325      3.1436013
            326      3.1189071
            327      3.1257547
            328      3.1123471
            329      3.1394211
            330      3.1282926
            331      3.1231327
            332      3.1085922
            333      3.1316654
            334      3.1365947
            335      3.1346000
            336      3.1352980
            337      3.1276129
            338      3.1259517
            339      3.1158034
            340      3.1316617
            341      3.1518131
            342      3.1500236
            343      3.1032054
            344      3.1137773
            345      3.1193931
            346      3.1218141
            347      3.1330169
            348      3.1342450
            349      3.1186357
            350      3.1379015
            351      3.1188558
            352      3.1262917
            353      3.1310195
            354      3.1108076
            355      3.1257875
            356      3.1321700
            357      3.1420541
            358      3.1179321
            359      3.1436366
            360      3.1077513
            361      3.1129007
            362      3.1152673
            363      3.1300044
            364      3.1289039
            365      3.1325587
            366      3.1060631
            367      3.1314912
            368      3.1144306
            369      3.1282559
            370      3.1070632
            371      3.1260884
            372      3.1207268
            373      3.1084577
            374      3.1308306
            375      3.1169846
            376      3.1192092
            377      3.1144686
            378      3.1245088
            379      3.1083489
            380      3.1225592
            381      3.1079732
            382      3.1240119
            383      3.1292923
            384      3.1073811
            385      3.1170120
            386      3.1272565
            387      3.1099984
            388      3.1104856
            389      3.1245065
            390      3.1079532
            391      3.1023961
            392      3.1223346
            393      3.0980986
            394      3.1132273
            395      3.1111644
            396      3.1197472
            397      3.1082143
            398      3.1218772
            399      3.0777254
            400      3.1321082
            401      3.1115220
            402      3.0984266
            403      3.1078597
            404      3.1170513
            405      3.0968813
            406      3.0918056
            407      3.0954025
            408      3.1220380
            409      3.1093529
            410      3.0977222
            411      3.1130911
            412      3.0888451
            413      3.1088640
            414      3.0963524
            415      3.1033126
            416      3.0997760
            417      3.0857022
            418      3.1018170
            419      3.1073861
            420      3.0851281
            421      3.1162439
            422      3.0831241
            423      3.1009001
            424      3.1034193
            425      3.0818793
            426      3.0866741
            427      3.0985110
            428      3.1237482
            429      3.1156207
            430      3.0771963
            431      3.0928590
            432      3.1041033
            433      3.0759833
            434      3.1151770
            435      3.1046243
            436      3.0961879
            437      3.0831664
            438      3.0850644
            439      3.0872530
            440      3.0946180
            441      3.1187570
            442      3.0986951
            443      3.0838769
            444      3.1199248
            445      3.0849014
            446      3.1045508
            447      3.0862152
            448      3.1074210
            449      3.0886981
            450      3.0892303
            451      3.1106329
            452      3.0927450
            453      3.0865317
            454      3.0919900
            455      3.0931594
            456      3.0834229
            457      3.0955827
            458      3.0816338
            459      3.0885021
            460      3.0869774
            461      3.0914230
            462      3.1022669
            463      3.0805977
            464      3.0934936
            465      3.0994814
            466      3.0735460
            467      3.0997834
            468      3.1024096
            469      3.1046474
            470      3.0725943
            471      3.0817455
            472      3.0901522
            473      3.0782626
            474      3.0952931
            475      3.0866384
            476      3.0799517
            477      3.0839515
            478      3.0910498
            479      3.0719300
            480      3.0848673
            481      3.0786477
            482      3.0734364
            483      3.0699816
            484      3.0982083
            485      3.0727124
            486      3.0915770
            487      3.0772103
            488      3.0736798
            489      3.0713684
            490      3.0950171
            491      3.0822128
            492      3.0742130
            493      3.0895221
            494      3.0815770
            495      3.0838152
            496      3.1059862
            497      3.0717643
            498      3.0729135
            499      3.0893650
            500      3.0819278
