      Iteration         Energy
              1      4.2411172
              2      3.4909983
              3      3.2530793
              4      3.2248165
              5      3.2185796
              6      3.2054727
              7      3.2040248
              8      3.2185728
              9      3.1876449
             10      3.1664979
             11      3.1729325
             12      3.1876831
             13      3.1595234
             14      3.1843624
             15      3.1462872
             16      3.1532914
             17      3.1741904
             18      3.1410978
             19      3.1477951
             20      3.1434190
             21      3.1395078
             22      3.1424261
             23      3.1401561
             24      3.1312115
             25      3.1371649
             26      3.1576459
             27      3.1620431
             28      3.1473843
             29      3.1238741
             30      3.1476750
             31      3.1300868
             32      3.1501891
             33      3.1544410
             34      3.1647402
             35      3.1452977
             36      3.1272362
             37      3.1240138
             38      3.1471734
             39      3.1359488
             40      3.1618206
             41      3.1291039
             42      3.1303689
             43      3.1213701
             44      3.1405430
             45      3.1302024
             46      3.1424629
             47      3.1105211
             48      3.1385833
             49      3.1225455
             50      3.1348506
             51      3.1364879
             52      3.1289111
             53      3.1328061
             54      3.1270355
             55      3.1359923
             56      3.1301768
             57      3.1305316
             58      3.1189256
             59      3.1246689
             60      3.1140290
             61      3.1309785
             62      3.1302016
             63      3.1357145
             64      3.1496571
             65      3.1244644
             66      3.0990756
             67      3.1107296
             68      3.1134136
             69      3.1085939
             70      3.1173518
             71      3.1294601
             72      3.1090912
             73      3.1388738
             74      3.0883230
             75      3.0933969
             76      3.1352517
             77      3.1193073
             78      3.0993936
             79      3.1022736
             80      3.1320603
             81      3.1161965
             82      3.1110600
             83      3.1187643
             84      3.1311866
             85      3.1042435
             86      3.1076675
             87      3.1182553
             88      3.1097401
             89      3.1251803
             90      3.1329879
             91      3.1141144
             92      3.1106558
             93      3.1195238
             94      3.1190695
             95      3.1127512
             96      3.1265785
             97      3.1140682
             98      3.1012323
             99      3.1166184
            100      3.1112532
            101      3.1094064
            102      3.1240707
            103      3.1171312
            104      3.1124566
            105      3.0966588
            106      3.1599267
            107      3.1136850
            108      3.0988542
            109      3.0987877
            110      3.0765837
            111      3.1143054
            112      3.1050668
            113      3.1176992
            114      3.0785946
            115      3.1054240
            116      3.1134545
            117      3.1145162
            118      3.0965481
            119      3.2125471
            120      3.1058615
            121      3.0984173
            122      3.1167387
            123      3.0796915
            124      3.0872342
            125      3.1019628
            126      3.1226292
            127      3.1081972
            128      3.1023206
            129      3.1141627
            130      3.1202742
            131      3.0841618
            132      3.0992383
            133      3.0959895
            134      3.1005908
            135      3.1048861
            136      3.1040231
            137      3.0853874
            138      3.0954925
            139      3.0922784
            140      3.1147947
            141      3.1129910
            142      3.1163512
            143      3.0904925
            144      3.1030753
            145      3.1116673
            146      3.0948090
            147      3.1065179
            148      3.0771434
            149      3.1234879
            150      3.0974874
            151      3.1255195
            152      3.1130906
            153      3.1206504
            154      3.0967010
            155      3.1080557
            156      3.0933193
            157      3.0994642
            158      3.1125646
            159      3.1021866
            160      3.1011500
            161      3.1190616
            162      3.1329290
            163      3.0952747
            164      3.1209098
            165      3.1252000
            166      3.1011607
            167      3.1061700
            168      3.0998402
            169      3.1162905
            170      3.0866470
            171      3.1216571
            172      3.1029744
            173      3.1186008
            174      3.0895502
            175      3.1138737
            176      3.0891388
            177      3.1061894
            178      3.0914943
            179      3.1119748
            180      3.1124645
            181      3.0628039
            182      3.1163150
            183      3.0861437
            184      3.1045038
            185      3.0956892
            186      3.1048873
            187      3.1169777
            188      3.1084302
            189      3.1055842
            190      3.0974577
            191      3.1013774
            192      3.1134999
            193      3.1086578
            194      3.0915349
            195      3.1022181
            196      3.0994826
            197      3.1140383
            198      3.0981008
            199      3.1005200
            200      3.0997794
            201      3.0905371
            202      3.0838628
            203      3.1233775
            204      3.0950482
            205      3.0934586
            206      3.0963698
            207      3.1113463
            208      3.1082956
            209      3.1184420
            210      3.1121535
            211      3.0957567
            212      3.1263881
            213      3.0935362
            214      3.0856264
            215      3.1013291
            216      3.1078584
            217      3.0923497
            218      3.0968411
            219      3.1061962
            220      3.0929046
            221      3.0939279
            222      3.0998569
            223      3.1043445
            224      3.1292786
            225      3.0980628
            226      3.1334363
            227      3.0937817
            228      3.1131704
            229      3.1126803
            230      3.1159128
            231      3.0787634
            232      3.1157775
            233      3.1065697
            234      3.1044656
            235      3.0883691
            236      3.1056514
            237      3.0986207
            238      3.1087343
            239      3.0917825
            240      3.1086651
            241      3.1075980
            242      3.1006334
            243      3.0869744
            244      3.0980360
            245      3.1044042
            246      3.0843991
            247      3.1057050
            248      3.1204926
            249      3.1069307
            250      3.1034437
            251      3.1140557
            252      3.0844840
            253      3.1218375
            254      3.1081956
            255      3.1089436
            256      3.0911665
            257      3.1090796
            258      3.0948880
            259      3.0794075
            260      3.1331118
            261      3.0701694
            262      3.1040641
            263      3.0998895
            264      3.1127955
            265      3.1126433
            266      3.1221604
            267      3.1029196
            268      3.1296236
            269      3.0929845
            270      3.1035057
            271      3.1269190
            272      3.0773887
            273      3.1032377
            274      3.1139640
            275      3.0850862
            276      3.0971776
            277      3.0928046
            278      3.1037098
            279      3.1065615
            280      3.1159310
            281      3.1099317
            282      3.0886629
            283      3.0974276
            284      3.0913193
            285      3.1051408
            286      3.1123945
            287      3.1220188
            288      3.0940828
            289      3.0925825
            290      3.1029131
            291      3.1242060
            292      3.0747731
            293      3.1037659
            294      3.0901186
            295      3.0829494
            296      3.1214886
            297      3.1107257
            298      3.0952459
            299      3.0717241
            300      3.1086285
            301      3.1075442
            302      3.1029667
            303      3.1077029
            304      3.0705746
            305      3.0891384
            306      3.0969410
            307      3.0813326
            308      3.0962574
            309      3.0881418
            310      3.1062138
            311      3.1039052
            312      3.1060494
            313      3.1008245
            314      3.1180229
            315      3.1008849
            316      3.0927278
            317      3.1006098
            318      3.1000402
            319      3.0890653
            320      3.0921401
            321      3.0906539
            322      3.1394199
            323      3.1096543
            324      3.0981582
            325      3.0941565
            326      3.0903890
            327      3.1118231
            328      3.0980326
            329      3.1166560
            330      3.0971076
            331      3.0962924
            332      3.1138421
            333      3.0856887
            334      3.1044704
            335      3.1210941
            336      3.0795246
            337      3.0932069
            338      3.1038667
            339      3.1000474
            340      3.1033153
            341      3.0827278
            342      3.0980777
            343      3.1080440
            344      3.1039482
            345      3.1124218
            346      3.0978339
            347      3.1087332
            348      3.0918742
            349      3.0985923
            350      3.1094125
            351      3.0884690
            352      3.1145140
            353      3.0935085
            354      3.0912748
            355      3.0937792
            356      3.0975702
            357      3.0854901
            358      3.0928117
            359      3.0729769
            360      3.1099282
            361      3.0835626
            362      3.0880941
            363      3.1079382
            364      3.1224662
            365      3.1065324
            366      3.0890457
            367      3.0951626
            368      3.0981443
            369      3.0969960
            370      3.1034466
            371      3.1042591
            372      3.0919881
            373      3.0979220
            374      3.0980796
            375      3.1231869
            376      3.0924683
            377      3.1110493
            378      3.1124193
            379      3.0966303
            380      3.0846383
            381      3.1168944
            382      3.1003753
            383      3.0939010
            384      3.0999927
            385      3.0798815
            386      3.0952556
            387      3.1050150
            388      3.0912732
            389      3.0960823
            390      3.1058621
            391      3.0959924
            392      3.1079962
            393      3.0986537
            394      3.0990266
            395      3.1022575
            396      3.1058242
            397      3.0967921
            398      3.0907707
            399      3.1186553
            400      3.0767550
            401      3.0787251
            402      3.1189193
            403      3.0861887
            404      3.1059924
            405      3.1026879
            406      3.1010936
            407      3.1118316
            408      3.1119061
            409      3.0875976
            410      3.0922970
            411      3.0888258
            412      3.1128895
            413      3.0994533
            414      3.1252780
            415      3.1207610
            416      3.0875038
            417      3.1125343
            418      3.0858691
            419      3.1092634
            420      3.0873990
            421      3.1111501
            422      3.1000266
            423      3.1152870
            424      3.0835203
            425      3.0745715
            426      3.1074475
            427      3.1074338
            428      3.0970499
            429      3.0900095
            430      3.0946130
            431      3.1035783
            432      3.0972952
            433      3.1056787
            434      3.1007754
            435      3.0957173
            436      3.1182108
            437      3.1127723
            438      3.1007656
            439      3.0930340
            440      3.0819782
            441      3.0938533
            442      3.1044863
            443      3.0868471
            444      3.1046844
            445      3.1103046
            446      3.1002990
            447      3.0886426
            448      3.0959018
            449      3.0769165
            450      3.1001634
            451      3.0995834
            452      3.0830752
            453      3.1148178
            454      3.1108787
            455      3.0774352
            456      3.0816370
            457      3.1083005
            458      3.0759411
            459      3.0759531
            460      3.1035035
            461      3.1199406
            462      3.0972212
            463      3.1007508
            464      3.1046797
            465      3.0881531
            466      3.0888858
            467      3.1045656
            468      3.1245802
            469      3.1019599
            470      3.0838609
            471      3.0853700
            472      3.0954548
            473      3.0832840
            474      3.0962963
            475      3.0915803
            476      3.1144549
            477      3.0988361
            478      3.1052818
            479      3.1037189
            480      3.1099865
            481      3.0882315
            482      3.0884462
            483      3.1010142
            484      3.1036027
            485      3.0824541
            486      3.0849412
            487      3.0930910
            488      3.1149620
            489      3.0913762
            490      3.0757953
            491      3.0746888
            492      3.1139134
            493      3.0877799
            494      3.1043847
            495      3.0954804
            496      3.0916085
            497      3.0938587
            498      3.0843341
            499      3.1049708
            500      3.0913124
