      Iteration         Energy
              1      3.3570568
              2      3.3254520
              3      3.3180352
              4      3.2841347
              5      3.2704599
              6      3.2562900
              7      3.2563289
              8      3.2570640
              9      3.2177599
             10      3.2600720
             11      3.2399627
             12      3.2671705
             13      3.2417520
             14      3.2435878
             15      3.2148089
             16      3.2034703
             17      3.2196765
             18      3.1973809
             19      3.2390102
             20      3.2110276
             21      3.1858894
             22      3.2147101
             23      3.2364165
             24      3.2152702
             25      3.2374837
             26      3.1845423
             27      3.2023394
             28      3.2007908
             29      3.2223251
             30      3.2184566
             31      3.2034684
             32      3.1843412
             33      3.2252002
             34      3.2290509
             35      3.2056775
             36      3.2269789
             37      3.2194698
             38      3.2180688
             39      3.2046447
             40      3.2357704
             41      3.2128776
             42      3.2175303
             43      3.2023402
             44      3.2502226
             45      3.2260046
             46      3.1880724
             47      3.2197946
             48      3.2029790
             49      3.1975571
             50      3.1816224
             51      3.2076193
             52      3.2154840
             53      3.1884175
             54      3.2250084
             55      3.1942030
             56      3.1895864
             57      3.2022807
             58      3.2272920
             59      3.2228829
             60      3.1948384
             61      3.1946909
             62      3.1858732
             63      3.2011903
             64      3.1855041
             65      3.1840675
             66      3.1819039
             67      3.1971010
             68      3.1928061
             69      3.2263141
             70      3.1938260
             71      3.2117143
             72      3.2025806
             73      3.1739716
             74      3.1981294
             75      3.2065602
             76      3.2112163
             77      3.2133740
             78      3.2024404
             79      3.1866686
             80      3.2282738
             81      3.2111014
             82      3.2268649
             83      3.1867586
             84      3.2015816
             85      3.1891478
             86      3.1793690
             87      3.1974523
             88      3.1934686
             89      3.1935165
             90      3.1822411
             91      3.1966683
             92      3.1854186
             93      3.1902725
             94      3.1748913
             95      3.2042538
             96      3.1798237
             97      3.1705734
             98      3.2037790
             99      3.1853897
            100      3.1595350
            101      3.2180171
            102      3.2156813
            103      3.2086079
            104      3.1805546
            105      3.1914645
            106      3.2181289
            107      3.1835764
            108      3.2138807
            109      3.1767948
            110      3.1756678
            111      3.1838989
            112      3.1920857
            113      3.1666795
            114      3.1995533
            115      3.1825045
            116      3.1895785
            117      3.1865528
            118      3.1710235
            119      3.1726305
            120      3.1622176
            121      3.1593111
            122      3.1801769
            123      3.1645369
            124      3.1876325
            125      3.1806850
            126      3.1615064
            127      3.1727156
            128      3.1621867
            129      3.1542514
            130      3.1750906
            131      3.1924305
            132      3.1740009
            133      3.1676919
            134      3.1631028
            135      3.1548906
            136      3.1751785
            137      3.1589042
            138      3.1584540
            139      3.1334464
            140      3.1774967
            141      3.1618157
            142      3.1503656
            143      3.1462664
            144      3.1693022
            145      3.1700326
            146      3.1726305
            147      3.1373038
            148      3.1264437
            149      3.1876362
            150      3.1701763
            151      3.1439092
            152      3.1712986
            153      3.1553821
            154      3.1246742
            155      3.1632615
            156      3.1625008
            157      3.1721063
            158      3.1867007
            159      3.1662894
            160      3.1895168
            161      3.1694238
            162      3.1590487
            163      3.1452172
            164      3.1528450
            165      3.1438813
            166      3.1343664
            167      3.1244106
            168      3.1301462
            169      3.1212680
            170      3.1581002
            171      3.1502322
            172      3.1367179
            173      3.1239328
            174      3.1449361
            175      3.1433307
            176      3.1262843
            177      3.1317991
            178      3.1607492
            179      3.1484374
            180      3.1405473
            181      3.1265729
            182      3.1596081
            183      3.1596863
            184      3.1369668
            185      3.1502349
            186      3.1231933
            187      3.1204958
            188      3.1596073
            189      3.1406249
            190      3.1255196
            191      3.1454258
            192      3.1812631
            193      3.1327980
            194      3.1353131
            195      3.1240571
            196      3.1281239
            197      3.1308944
            198      3.1398072
            199      3.1340141
            200      3.1383781
            201      3.1386260
            202      3.1336475
            203      3.1281550
            204      3.1446042
            205      3.1177685
            206      3.1372583
            207      3.1097760
            208      3.1251882
            209      3.1213653
            210      3.1187342
            211      3.1430774
            212      3.1346827
            213      3.1424570
            214      3.1268795
            215      3.1275683
            216      3.1307583
            217      3.1336128
            218      3.1258179
            219      3.1104996
            220      3.1220359
            221      3.1482449
            222      3.1181299
            223      3.1336707
            224      3.1197772
            225      3.1290271
            226      3.0931336
            227      3.1341343
            228      3.1167149
            229      3.1209864
            230      3.1296904
            231      3.1140287
            232      3.1248234
            233      3.1132396
            234      3.1037897
            235      3.1488376
            236      3.1009380
            237      3.1086721
            238      3.1377803
            239      3.0974352
            240      3.1092398
            241      3.1047121
            242      3.1189083
            243      3.1213491
            244      3.1280994
            245      3.1174815
            246      3.1120665
            247      3.1278663
            248      3.1334534
            249      3.1214581
            250      3.1080020
            251      3.1094268
            252      3.1127834
            253      3.1021672
            254      3.1031386
            255      3.0836506
            256      3.1042344
            257      3.1407019
            258      3.1138066
            259      3.1125339
            260      3.1268090
            261      3.1181429
            262      3.0902252
            263      3.1102310
            264      3.0995938
            265      3.1070378
            266      3.1176391
            267      3.1263727
            268      3.1014597
            269      3.1067293
            270      3.1267221
            271      3.1309201
            272      3.0906159
            273      3.1175769
            274      3.1149122
            275      3.1054799
            276      3.1070613
            277      3.0950985
            278      3.1207338
            279      3.1198086
            280      3.1005733
            281      3.0979844
            282      3.1139707
            283      3.1130766
            284      3.1269769
            285      3.1349432
            286      3.1220130
            287      3.1145701
            288      3.1141164
            289      3.1350169
            290      3.1092920
            291      3.1156237
            292      3.1056502
            293      3.0768948
            294      3.1061100
            295      3.1195226
            296      3.1028555
            297      3.1094443
            298      3.1218243
            299      3.1015549
            300      3.1341376
            301      3.1048199
            302      3.1031565
            303      3.0762655
            304      3.1123286
            305      3.1226639
            306      3.0940401
            307      3.1032928
            308      3.1356844
            309      3.0922041
            310      3.0877182
            311      3.1104048
            312      3.0827811
            313      3.0781607
            314      3.0899385
            315      3.1045603
            316      3.1101906
            317      3.1001849
            318      3.0917039
            319      3.1008811
            320      3.0936472
            321      3.1014805
            322      3.1034989
            323      3.0980198
            324      3.0839354
            325      3.1031738
            326      3.1179828
            327      3.0646149
            328      3.1012311
            329      3.0723624
            330      3.0980580
            331      3.1003693
            332      3.0922659
            333      3.1001209
            334      3.1157902
            335      3.0955061
            336      3.0834711
            337      3.1075531
            338      3.0640870
            339      3.1063904
            340      3.0779500
            341      3.1070536
            342      3.1083647
            343      3.0983863
            344      3.0901818
            345      3.0724775
            346      3.0735082
            347      3.0722534
            348      3.1238245
            349      3.0917412
            350      3.0911646
            351      3.0865988
            352      3.0861300
            353      3.0778462
            354      3.0806781
            355      3.0834595
            356      3.0862596
            357      3.0599359
            358      3.0842452
            359      3.0767358
            360      3.0879389
            361      3.0791931
            362      3.0866178
            363      3.0667234
            364      3.1146534
            365      3.0981526
            366      3.0780395
            367      3.1061564
            368      3.0625842
            369      3.0899137
            370      3.0956427
            371      3.0910526
            372      3.0806587
            373      3.1006211
            374      3.0710935
            375      3.0821582
            376      3.0946835
            377      3.0807361
            378      3.0784249
            379      3.0714230
            380      3.0751225
            381      3.0966395
            382      3.0963787
            383      3.0826109
            384      3.0884248
            385      3.0879309
            386      3.0807043
            387      3.0934347
            388      3.0848588
            389      3.0909988
            390      3.0636392
            391      3.0950494
            392      3.0993495
            393      3.0891624
            394      3.0683171
            395      3.0916451
            396      3.0593549
            397      3.0777745
            398      3.0809762
            399      3.0811609
            400      3.1162997
            401      3.0879986
            402      3.1005099
            403      3.0676048
            404      3.0806623
            405      3.0919130
            406      3.0764896
            407      3.0710290
            408      3.0963584
            409      3.0932714
            410      3.0664650
            411      3.0834961
            412      3.0755563
            413      3.0884088
            414      3.0583876
            415      3.0856854
            416      3.0861936
            417      3.0857833
            418      3.0679952
            419      3.1000219
            420      3.0626455
            421      3.0833913
            422      3.0673389
            423      3.0880036
            424      3.0780818
            425      3.0745551
            426      3.0791321
            427      3.0866850
            428      3.0918115
            429      3.0882277
            430      3.0712562
            431      3.0823319
            432      3.0828976
            433      3.0821960
            434      3.0818212
            435      3.0857519
            436      3.0799983
            437      3.0858023
            438      3.0672722
            439      3.0982635
            440      3.0829697
            441      3.0710582
            442      3.0794674
            443      3.0937354
            444      3.0889022
            445      3.0857161
            446      3.0784077
            447      3.0762456
            448      3.0934306
            449      3.1096124
            450      3.0823293
            451      3.0778157
            452      3.0806337
            453      3.1064409
            454      3.0954966
            455      3.0946505
            456      3.1027421
            457      3.0772320
            458      3.0689221
            459      3.0664163
            460      3.0712833
            461      3.0976614
            462      3.0858047
            463      3.0689413
            464      3.1157604
            465      3.0822059
            466      3.0878354
            467      3.0780213
            468      3.0896926
            469      3.0745783
            470      3.0968937
            471      3.0881385
            472      3.0773907
            473      3.0820070
            474      3.1060403
            475      3.0714646
            476      3.0810141
            477      3.0663302
            478      3.1024760
            479      3.0910970
            480      3.0747289
            481      3.0880727
            482      3.0858952
            483      3.0781810
            484      3.0870601
            485      3.0803146
            486      3.0885024
            487      3.0819807
            488      3.0898186
            489      3.0778002
            490      3.0885216
            491      3.0715874
            492      3.0955001
            493      3.0816517
            494      3.0811661
            495      3.0878078
            496      3.0882380
            497      3.0605875
            498      3.0940051
            499      3.0921250
            500      3.0957088
